507,
186,
244,
314,
398,
497,
613,
749,
160,
213,
278,
354,
445,
552,
679,
825,
906,
1089,
1298,
1539,
1813,
2124,
2477,
2875,
994,
1190,
1414,
1671,
1963,
2295,
2670,
3092,
3322,
3825,
4387,
5015,
5713,
6489,
7347,
8297,
3567,
4098,
4693,
5355,
6091,
6907,
7810,
8808,
9344,
10497,
11763,
13151,
14669,
16328,
18137,
20106,
9907,
11115,
12441,
13893,
15481,
17213,
19101,
21154,
22246,
24568,
27082,
29802,
32740,
35907,
39318,
42986,
23383,
25800,
28416,
31243,
34294,
37582,
41119,
44920,
46924,
51147,
55670,
60507,
65673,
71184,
77055,
83303,
48999,
53370,
58048,
63048,
68384,
74074,
80131,
86572,
89942,
96989,
104460,
112372,
120739,
129578,
138905,
148734,
93413,
100671,
108360,
116497,
125099,
134180,
143756,
153842,
159082,
169962,
181389,
193377,
205939,
219086,
232831,
247183,
164455,
175607,
187312,
199585,
212438,
225883,
239930,
254590,
262153,
277748,
293976,
310842,
328350,
346503,
365302,
384746,
269872,
285782,
302329,
319515,
337346,
355822,
374943,
394708,
404831,
425551,
446901,
468869,
491443,
514608,
538345,
562633,
415112,
436148,
457808,
480081,
502953,
526406,
550421,
574976,
587448,
612763,
638545,
664761,
691372,
718335,
745605,
773130,
600045,
625597,
651601,
678020,
704812,
731935,
759339,
786972,
800857,
828724,
856670,
884625,
912516,
940264,
967788,
994997,
814777,
842692,
870651,
898583,
926413,
954059,
981437,
1008456,
1021800,
1048098,
1073786,
1098755,
1122891,
1146073,
1168177,
1189071,
1035019,
1061025,
1086367,
1110934,
1134609,
1157268,
1178783,
1199021,
1208618,
1226678,
1243104,
1257742,
1270436,
1281023,
1289336,
1295202,
1217843,
1235105,
1250656,
1264342,
1276003,
1285474,
1292586,
1297163,
1298445,
1298884,
1296333,
1290601,
1281497,
1268824,
1252380,
1231964,
1299027,
1297994,
1293876,
1286483,
1275619,
1261086,
1242681,
1220202,
1207370,
1178391,
1144818,
1106439,
1063044,
1014422,
960360,
900647,
1193442,
1162192,
1126242,
1085382,
1039400,
988084,
931223,
868606,
835074,
763434,
685519,
601129,
510065,
412131,
307139,
194905,
800025,
725273,
644146,
556443,
461968,
360529,
251938,
136017,
75252,
-51989,
-186980,
-329874,
-480814,
-639931,
-807348,
-983172,
12590,
-118506,
-257430,
-404330,
-559342,
-722595,
-894203,
-1074268,
-1167500,
-1360412,
-1561976,
-1772242,
-1991244,
-2218999,
-2455505,
-2700739,
-1262878,
-1460109,
-1666019,
-1880650,
-2104028,
-2336159,
-2577033,
-2826618,
-2954661,
-3217207,
-3488291,
-3767806,
-4055619,
-4351575,
-4655490,
-4967156,
-3084861,
-3351688,
-3627002,
-3910684,
-4202590,
-4502549,
-4810368,
-5125824,
-5286338,
-5612774,
-5946171,
-6286208,
-6632536,
-6984774,
-7342510,
-7705302,
-5448667,
-5778621,
-6115380,
-6458609,
-6807941,
-7162982,
-7523303,
-7888447,
-8072675,
-8444123,
-8819107,
-9197056,
-9577364,
-9959394,
-10342477,
-10725908,
-8257923,
-8631208,
-9007748,
-9386954,
-9768205,
-10150847,
-10534194,
-10917525,
-11108951,
-11490839,
-11870768,
-12247906,
-12621388,
-12990317,
-13353768,
-13710784,
-11300089,
-11681099,
-12059739,
-12435159,
-12806479,
-13172787,
-13533141,
-13886572,
-14060379,
-14401541,
-14733229,
-15054378,
-15363897,
-15660672,
-15943568,
-16211428,
-14232078,
-14568635,
-14895189,
-15210660,
-15513948,
-15803927,
-16079450,
-16339354,
-16463079,
-16697328,
-16912970,
-17108786,
-17283544,
-17436006,
-17564926,
-17669055,
-16582454,
-16807551,
-17013433,
-17198874,
-17362639,
-17503486,
-17620168,
-17711432,
-17747142,
-17797937,
-17820194,
-17812673,
-17774144,
-17703389,
-17599206,
-17460411,
-17776029,
-17812711,
-17820233,
-17797361,
-17742870,
-17655551,
-17534208,
-17377671,
-17285843,
-17074364,
-16824867,
-16536275,
-16207547,
-15837682,
-15425719,
-14970746,
-17184787,
-16954436,
-16685524,
-16376992,
-16027818,
-15637021,
-15203664,
-14726858,
-14471898,
-13928365,
-13339396,
-12704296,
-12022439,
-11293264,
-10516285,
-9691088,
-14205766,
-13639605,
-13027653,
-12369249,
-11663798,
-10910777,
-10109736,
-9260302,
-8817342,
-7894796,
-6923287,
-5902740,
-4833174,
-3714705,
-2547549,
-1332024,
-8362182,
-7415169,
-6419144,
-5374079,
-4280041,
-3137196,
-1945809,
-706252,
-68555,
1242325,
2599972,
4003626,
5452411,
6945332,
8481273,
10058994,
580996,
1915348,
3296100,
4722437,
6193422,
7708000,
9264993,
10863100,
11677129,
13334188,
15028551,
16758468,
18522062,
20317321,
22142105,
23994141,
12500891,
14176813,
15889179,
17636178,
19415864,
21226162,
23064864,
24929633,
25871025,
27770220,
29689062,
31624754,
33574372,
35534866,
37503058,
39475651,
26817997,
28727357,
30654981,
32598010,
34553455,
36518203,
38489016,
40462534,
41449225,
43420241,
45385047,
47339881,
49280870,
51204040,
53105316,
54980531,
42435278,
44403653,
46363950,
48312352,
50244935,
52157673,
54046445,
55907038,
56825426,
58635661,
60406814,
62134394,
63813844,
65440547,
67009834,
68516992,
57735150,
59526401,
61276334,
62980423,
64634080,
66232661,
67771475,
69245789,
69957270,
71325890,
72618051,
73828942,
74953746,
75987655,
76925874,
77763632,
70650837,
71981828,
73233956,
74402405,
75482363,
76469025,
77357607,
78143357,
78496195,
79118871,
79627024,
80016083,
80281552,
80419024,
80424186,
80292835,
78821560,
79387550,
79836723,
80164544,
80366559,
80438409,
80375833,
80174687,
80020889,
79604395,
79039542,
78322673,
77450297,
76419095,
75225940,
73867901,
79830952,
79340746,
78700332,
77906135,
76954749,
75842950,
74567706,
73126192,
72342258,
70646512,
68778394,
66735881,
64517202,
62120850,
59545594,
56790487,
71515795,
69734131,
67779054,
65648663,
63341319,
60855652,
58190570,
55345273,
53854874,
50738409,
47441055,
43963099,
40305160,
36468193,
32453504,
28262749,
52319258,
49112333,
45724621,
42156575,
38408981,
34482968,
30380017,
26101963,
23897947,
19361487,
14656127,
9785006,
4751648,
-440037,
-5785744,
-11280778,
21651011,
17029732,
12241075,
7288371,
2175337,
-3093922,
-8514905,
-14082715,
-16920041,
-22698040,
-28608877,
-34646257,
-40803482,
-47073453,
-53448674,
-59921251,
-19792058,
-25637238,
-31612159,
-37710324,
-43924834,
-50248392,
-56673302,
-63191473,
-66482897,
-73124936,
-79838306,
-86613566,
-93440900,
-100310125,
-107210700,
-114131730,
-69794425,
-76473286,
-83218805,
-90021351,
-96870926,
-103757166,
-110669352,
-117596419,
-121061982,
-127989886,
-134903555,
-141790789,
-148639091,
-155435680,
-162167502,
-168821247,
-124526963,
-131449255,
-138351251,
-145220599,
-152044659,
-158810513,
-165504976,
-172114616,
-175383365,
-181840077,
-188177396,
-194381145,
-200436970,
-206330362,
-212046676,
-217571150,
-178625766,
-185024542,
-191296860,
-197428452,
-203404883,
-209211574,
-214833820,
-220256807,
-222888925,
-227985065,
-232844583,
-237452455,
-241793650,
-245853147,
-249615961,
-253067166,
-225465635,
-230445340,
-235180914,
-239657326,
-243859548,
-247772574,
-251381445,
-254671273,
-256191919,
-258975483,
-261403250,
-263460769,
-265133771,
-266408186,
-267270180,
-267706169,
-257627266,
-260234748,
-262479187,
-264346219,
-265821672,
-266891591,
-267542263,
-267760243,
-267702850,
-267247224,
-266326621,
-264928726,
-263041600,
-260653708,
-257753942,
-254331642,
-267532375,
-266845823,
-265688090,
-264047047,
-261910954,
-259268486,
-256108756,
-252421341,
-250376625,
-245879202,
-240830204,
-235221004,
-229043535,
-222290318,
-214954475,
-207029752,
-248196300,
-243424202,
-238096147,
-232203785,
-225739340,
-218695631,
-211066090,
-202844782,
-198510539,
-189391886,
-179669521,
-169339868,
-158400062,
-146847963,
-134682171,
-121902038,
-194026426,
-184606407,
-174580801,
-163946385,
-152700654,
-140841837,
-128368908,
-115281601,
-108507683,
-94499998,
-79880662,
-64652147,
-48817728,
-32381490,
-15348328,
2276040,
-101580420,
-87266650,
-72342366,
-56810439,
-40674549,
-23939186,
-6609656,
11307916,
20485078,
39271427,
58626905,
78542504,
99008400,
120013949,
141547696,
163597376,
29806581,
48878569,
68515284,
88707311,
109444415,
130715545,
152508842,
174811640,
186149928,
209191498,
232707451,
256682381,
281100125,
305943775,
331195694,
356837531,
197610482,
220891121,
244638536,
268836941,
293469797,
318519832,
343969047,
369798743,
382850238,
409214091,
435908708,
462913070,
490205543,
517763902,
545565354,
573586566,
395989530,
422521353,
449373509,
476524668,
503952899,
531635688,
559549969,
587672147,
601803686,
630192378,
658727844,
687384856,
716137786,
744960636,
773827071,
802710451,
615978125,
644443331,
673042750,
701750948,
730542109,
759390064,
788268319,
817150094,
831583863,
860420157,
889191978,
917871805,
946431981,
974844752,
1003082304,
1031116797,
846008355,
874815843,
903545117,
932168582,
960658530,
988987170,
1017126673,
1045049200,
1058920405,
1086465348,
1113723937,
1140668602,
1167271937,
1193506734,
1219346018,
1244763088,
1072726943,
1100132163,
1127237227,
1154014642,
1180437095,
1206477490,
1232108987,
1257305032,
1269731552,
1294225364,
1318218858,
1341686787,
1364604357,
1386947258,
1408691707,
1429814472,
1282039403,
1306286239,
1330020079,
1353215898,
1375849140,
1397895755,
1419332229,
1440135623,
1450292910,
1470105000,
1489229370,
1507645332,
1525332909,
1542272864,
1558446727,
1573836824,
1460283600,
1479754459,
1498527168,
1516581389,
1533897512,
1550456681,
1566240819,
1581232660,
1588426299,
1602199142,
1615140210,
1627235246,
1638470908,
1648834780,
1658315393,
1666902245,
1595415767,
1608774560,
1621294337,
1632961297,
1643762557,
1653686173,
1662721158,
1670857494,
1674585809,
1681357555,
1687209956,
1692136504,
1696131714,
1699191139,
1701311368,
1702490040,
1678086153,
1684399104,
1689789329,
1694250829,
1697778637,
1700368825,
1702018505,
1702725840,
1702725840,
1702018505,
1700368825,
1697778637,
1694250829,
1689789329,
1684399104,
1678086153,
1702490040,
1701311368,
1699191139,
1696131714,
1692136504,
1687209956,
1681357555,
1674585809,
1670857494,
1662721158,
1653686173,
1643762557,
1632961297,
1621294337,
1608774560,
1595415767,
1666902245,
1658315393,
1648834780,
1638470908,
1627235246,
1615140210,
1602199142,
1588426299,
1581232660,
1566240819,
1550456681,
1533897512,
1516581389,
1498527168,
1479754459,
1460283600,
1573836824,
1558446727,
1542272864,
1525332909,
1507645332,
1489229370,
1470105000,
1450292910,
1440135623,
1419332229,
1397895755,
1375849140,
1353215898,
1330020079,
1306286239,
1282039403,
1429814472,
1408691707,
1386947258,
1364604357,
1341686787,
1318218858,
1294225364,
1269731552,
1257305032,
1232108987,
1206477490,
1180437095,
1154014642,
1127237227,
1100132163,
1072726943,
1244763088,
1219346018,
1193506734,
1167271937,
1140668602,
1113723937,
1086465348,
1058920405,
1045049200,
1017126673,
988987170,
960658530,
932168582,
903545117,
874815843,
846008355,
1031116797,
1003082304,
974844752,
946431981,
917871805,
889191978,
860420157,
831583863,
817150094,
788268319,
759390064,
730542109,
701750948,
673042750,
644443331,
615978125,
802710451,
773827071,
744960636,
716137786,
687384856,
658727844,
630192378,
601803686,
587672147,
559549969,
531635688,
503952899,
476524668,
449373509,
422521353,
395989530,
573586566,
545565354,
517763902,
490205543,
462913070,
435908708,
409214091,
382850238,
369798743,
343969047,
318519832,
293469797,
268836941,
244638536,
220891121,
197610482,
356837531,
331195694,
305943775,
281100125,
256682381,
232707451,
209191498,
186149928,
174811640,
152508842,
130715545,
109444415,
88707311,
68515284,
48878569,
29806581,
163597376,
141547696,
120013949,
99008400,
78542504,
58626905,
39271427,
20485078,
11307916,
-6609656,
-23939186,
-40674549,
-56810439,
-72342366,
-87266650,
-101580420,
2276040,
-15348328,
-32381490,
-48817728,
-64652147,
-79880662,
-94499998,
-108507683,
-115281601,
-128368908,
-140841837,
-152700654,
-163946385,
-174580801,
-184606407,
-194026426,
-121902038,
-134682171,
-146847963,
-158400062,
-169339868,
-179669521,
-189391886,
-198510539,
-202844782,
-211066090,
-218695631,
-225739340,
-232203785,
-238096147,
-243424202,
-248196300,
-207029752,
-214954475,
-222290318,
-229043535,
-235221004,
-240830204,
-245879202,
-250376625,
-252421341,
-256108756,
-259268486,
-261910954,
-264047047,
-265688090,
-266845823,
-267532375,
-254331642,
-257753942,
-260653708,
-263041600,
-264928726,
-266326621,
-267247224,
-267702850,
-267760243,
-267542263,
-266891591,
-265821672,
-264346219,
-262479187,
-260234748,
-257627266,
-267706169,
-267270180,
-266408186,
-265133771,
-263460769,
-261403250,
-258975483,
-256191919,
-254671273,
-251381445,
-247772574,
-243859548,
-239657326,
-235180914,
-230445340,
-225465635,
-253067166,
-249615961,
-245853147,
-241793650,
-237452455,
-232844583,
-227985065,
-222888925,
-220256807,
-214833820,
-209211574,
-203404883,
-197428452,
-191296860,
-185024542,
-178625766,
-217571150,
-212046676,
-206330362,
-200436970,
-194381145,
-188177396,
-181840077,
-175383365,
-172114616,
-165504976,
-158810513,
-152044659,
-145220599,
-138351251,
-131449255,
-124526963,
-168821247,
-162167502,
-155435680,
-148639091,
-141790789,
-134903555,
-127989886,
-121061982,
-117596419,
-110669352,
-103757166,
-96870926,
-90021351,
-83218805,
-76473286,
-69794425,
-114131730,
-107210700,
-100310125,
-93440900,
-86613566,
-79838306,
-73124936,
-66482897,
-63191473,
-56673302,
-50248392,
-43924834,
-37710324,
-31612159,
-25637238,
-19792058,
-59921251,
-53448674,
-47073453,
-40803482,
-34646257,
-28608877,
-22698040,
-16920041,
-14082715,
-8514905,
-3093922,
2175337,
7288371,
12241075,
17029732,
21651011,
-11280778,
-5785744,
-440037,
4751648,
9785006,
14656127,
19361487,
23897947,
26101963,
30380017,
34482968,
38408981,
42156575,
45724621,
49112333,
52319258,
28262749,
32453504,
36468193,
40305160,
43963099,
47441055,
50738409,
53854874,
55345273,
58190570,
60855652,
63341319,
65648663,
67779054,
69734131,
71515795,
56790487,
59545594,
62120850,
64517202,
66735881,
68778394,
70646512,
72342258,
73126192,
74567706,
75842950,
76954749,
77906135,
78700332,
79340746,
79830952,
73867901,
75225940,
76419095,
77450297,
78322673,
79039542,
79604395,
80020889,
80174687,
80375833,
80438409,
80366559,
80164544,
79836723,
79387550,
78821560,
80292835,
80424186,
80419024,
80281552,
80016083,
79627024,
79118871,
78496195,
78143357,
77357607,
76469025,
75482363,
74402405,
73233956,
71981828,
70650837,
77763632,
76925874,
75987655,
74953746,
73828942,
72618051,
71325890,
69957270,
69245789,
67771475,
66232661,
64634080,
62980423,
61276334,
59526401,
57735150,
68516992,
67009834,
65440547,
63813844,
62134394,
60406814,
58635661,
56825426,
55907038,
54046445,
52157673,
50244935,
48312352,
46363950,
44403653,
42435278,
54980531,
53105316,
51204040,
49280870,
47339881,
45385047,
43420241,
41449225,
40462534,
38489016,
36518203,
34553455,
32598010,
30654981,
28727357,
26817997,
39475651,
37503058,
35534866,
33574372,
31624754,
29689062,
27770220,
25871025,
24929633,
23064864,
21226162,
19415864,
17636178,
15889179,
14176813,
12500891,
23994141,
22142105,
20317321,
18522062,
16758468,
15028551,
13334188,
11677129,
10863100,
9264993,
7708000,
6193422,
4722437,
3296100,
1915348,
580996,
10058994,
8481273,
6945332,
5452411,
4003626,
2599972,
1242325,
-68555,
-706252,
-1945809,
-3137196,
-4280041,
-5374079,
-6419144,
-7415169,
-8362182,
-1332024,
-2547549,
-3714705,
-4833174,
-5902740,
-6923287,
-7894796,
-8817342,
-9260302,
-10109736,
-10910777,
-11663798,
-12369249,
-13027653,
-13639605,
-14205766,
-9691088,
-10516285,
-11293264,
-12022439,
-12704296,
-13339396,
-13928365,
-14471898,
-14726858,
-15203664,
-15637021,
-16027818,
-16376992,
-16685524,
-16954436,
-17184787,
-14970746,
-15425719,
-15837682,
-16207547,
-16536275,
-16824867,
-17074364,
-17285843,
-17377671,
-17534208,
-17655551,
-17742870,
-17797361,
-17820233,
-17812711,
-17776029,
-17460411,
-17599206,
-17703389,
-17774144,
-17812673,
-17820194,
-17797937,
-17747142,
-17711432,
-17620168,
-17503486,
-17362639,
-17198874,
-17013433,
-16807551,
-16582454,
-17669055,
-17564926,
-17436006,
-17283544,
-17108786,
-16912970,
-16697328,
-16463079,
-16339354,
-16079450,
-15803927,
-15513948,
-15210660,
-14895189,
-14568635,
-14232078,
-16211428,
-15943568,
-15660672,
-15363897,
-15054378,
-14733229,
-14401541,
-14060379,
-13886572,
-13533141,
-13172787,
-12806479,
-12435159,
-12059739,
-11681099,
-11300089,
-13710784,
-13353768,
-12990317,
-12621388,
-12247906,
-11870768,
-11490839,
-11108951,
-10917525,
-10534194,
-10150847,
-9768205,
-9386954,
-9007748,
-8631208,
-8257923,
-10725908,
-10342477,
-9959394,
-9577364,
-9197056,
-8819107,
-8444123,
-8072675,
-7888447,
-7523303,
-7162982,
-6807941,
-6458609,
-6115380,
-5778621,
-5448667,
-7705302,
-7342510,
-6984774,
-6632536,
-6286208,
-5946171,
-5612774,
-5286338,
-5125824,
-4810368,
-4502549,
-4202590,
-3910684,
-3627002,
-3351688,
-3084861,
-4967156,
-4655490,
-4351575,
-4055619,
-3767806,
-3488291,
-3217207,
-2954661,
-2826618,
-2577033,
-2336159,
-2104028,
-1880650,
-1666019,
-1460109,
-1262878,
-2700739,
-2455505,
-2218999,
-1991244,
-1772242,
-1561976,
-1360412,
-1167500,
-1074268,
-894203,
-722595,
-559342,
-404330,
-257430,
-118506,
12590,
-983172,
-807348,
-639931,
-480814,
-329874,
-186980,
-51989,
75252,
136017,
251938,
360529,
461968,
556443,
644146,
725273,
800025,
194905,
307139,
412131,
510065,
601129,
685519,
763434,
835074,
868606,
931223,
988084,
1039400,
1085382,
1126242,
1162192,
1193442,
900647,
960360,
1014422,
1063044,
1106439,
1144818,
1178391,
1207370,
1220202,
1242681,
1261086,
1275619,
1286483,
1293876,
1297994,
1299027,
1231964,
1252380,
1268824,
1281497,
1290601,
1296333,
1298884,
1298445,
1297163,
1292586,
1285474,
1276003,
1264342,
1250656,
1235105,
1217843,
1295202,
1289336,
1281023,
1270436,
1257742,
1243104,
1226678,
1208618,
1199021,
1178783,
1157268,
1134609,
1110934,
1086367,
1061025,
1035019,
1189071,
1168177,
1146073,
1122891,
1098755,
1073786,
1048098,
1021800,
1008456,
981437,
954059,
926413,
898583,
870651,
842692,
814777,
994997,
967788,
940264,
912516,
884625,
856670,
828724,
800857,
786972,
759339,
731935,
704812,
678020,
651601,
625597,
600045,
773130,
745605,
718335,
691372,
664761,
638545,
612763,
587448,
574976,
550421,
526406,
502953,
480081,
457808,
436148,
415112,
562633,
538345,
514608,
491443,
468869,
446901,
425551,
404831,
394708,
374943,
355822,
337346,
319515,
302329,
285782,
269872,
384746,
365302,
346503,
328350,
310842,
293976,
277748,
262153,
254590,
239930,
225883,
212438,
199585,
187312,
175607,
164455,
247183,
232831,
219086,
205939,
193377,
181389,
169962,
159082,
153842,
143756,
134180,
125099,
116497,
108360,
100671,
93413,
148734,
138905,
129578,
120739,
112372,
104460,
96989,
89942,
86572,
80131,
74074,
68384,
63048,
58048,
53370,
48999,
83303,
77055,
71184,
65673,
60507,
55670,
51147,
46924,
44920,
41119,
37582,
34294,
31243,
28416,
25800,
23383,
42986,
39318,
35907,
32740,
29802,
27082,
24568,
22246,
21154,
19101,
17213,
15481,
13893,
12441,
11115,
9907,
20106,
18137,
16328,
14669,
13151,
11763,
10497,
9344,
8808,
7810,
6907,
6091,
5355,
4693,
4098,
3567,
8297,
7347,
6489,
5713,
5015,
4387,
3825,
3322,
3092,
2670,
2295,
1963,
1671,
1414,
1190,
994,
2875,
2477,
2124,
1813,
1539,
1298,
1089,
906,
825,
679,
552,
445,
354,
278,
213,
160,
749,
613,
497,
398,
314,
244,
186,
507,
