   4088,
   22877,
   52232,
   39434,
   -78700,
   -243544,
   -252954,
   -27713,
   159917,
   11679,
   -247994,
   -115799,
   280399,
   215609,
   -331505,
   -372434,
   355994,
   570721,
   -353726,
   -821909,
   305399,
   1125237,
   -196031,
   -1481866,
   5661,
   1888156,
   286348,
   -2337707,
   -702275,
   2820706,
   1266261,
   -3322723,
   -2003426,
   3824366,
   2939148,
   -4301558,
   -4099418,
   4724959,
   5511147,
   -5058453,
   -7200672,
   5260641,
   9196546,
   -5281702,
   -11528466,
   5063974,
   14230831,
   -4538510,
   -17345088,
   3622234,
   20926099,
   -2210550,
   -25049741,
   168488,
   29830877,
   2691385,
   -35448388,
   -6643064,
   42198718,
   12119856,
   -50601866,
   -19870719,
   61638261,
   31333255,
   -77371075,
   -49706192,
   102912632,
   83869448,
   -155144075,
   -171137264,
   341165288,
   946048435,
   946048435,
   341165288,
   -171137264,
   -155144075,
   83869448,
   102912632,
   -49706192,
   -77371075,
   31333255,
   61638261,
   -19870719,
   -50601866,
   12119856,
   42198718,
   -6643064,
   -35448388,
   2691385,
   29830877,
   168488,
   -25049741,
   -2210550,
   20926099,
   3622234,
   -17345088,
   -4538510,
   14230831,
   5063974,
   -11528466,
   -5281702,
   9196546,
   5260641,
   -7200672,
   -5058453,
   5511147,
   4724959,
   -4099418,
   -4301558,
   2939148,
   3824366,
   -2003426,
   -3322723,
   1266261,
   2820706,
   -702275,
   -2337707,
   286348,
   1888156,
   5661,
   -1481866,
   -196031,
   1125237,
   305399,
   -821909,
   -353726,
   570721,
   355994,
   -372434,
   -331505,
   215609,
   280399,
   -115799,
   -247994,
   11679,
   159917,
   -27713,
   -252954,
   -243544,
   -78700,
   39434,
   52232,
   22877,
   4088

