-1117,
-104563,
-275739,
313715,
-444773,
639567,
-898939,
1236966,
-20789,
-248552,
-518,
100974,
-261674,
522899,
-917421,
1484442,
-1674924,
2244218,
-2984006,
3947654,
-5205187,
6847790,
-8996993,
11818150,
-2268886,
3325127,
-4713060,
6501796,
-8772111,
11620391,
-15169026,
19584412,
-15546572,
20535742,
-27360568,
37053292,
-51719275,
76503994,
-128308655,
314240051,
-25113744,
32156256,
-41419315,
54295953,
-73935958,
109171276,
-197270553,
972732959,
972732959,
-197270553,
109171276,
-73935958,
54295953,
-41419315,
32156256,
-25113744,
314240051,
-128308655,
76503994,
-51719275,
37053292,
-27360568,
20535742,
-15546572,
19584412,
-15169026,
11620391,
-8772111,
6501796,
-4713060,
3325127,
-2268886,
11818150,
-8996993,
6847790,
-5205187,
3947654,
-2984006,
2244218,
-1674924,
1484442,
-917421,
522899,
-261674,
100974,
-518,
-248552,
-20789,
1236966,
-898939,
639567,
-444773,
313715,
-275739,
-104563,
-1117,
