-4645,
-121873,
-313951,
239381,
33106,
-593447,
1255738,
-1550783,
-34627,
-255124,
-134826,
418282,
-611393,
424684,
387480,
-1769181,
899245,
1061162,
-4089453,
7107296,
-8324569,
5816842,
1542334,
-13110148,
3196527,
-3710721,
2248181,
1783622,
-7893262,
14158481,
-17434813,
14228176,
25887415,
-34671418,
33047779,
-14912345,
-24270718,
88130370,
-187932622,
422184387,
-2070594,
-19013059,
45464162,
-69903246,
81278345,
-63022593,
-27393757,
825512011,
825512011,
-27393757,
-63022593,
81278345,
-69903246,
45464162,
-19013059,
-2070594,
422184387,
-187932622,
88130370,
-24270718,
-14912345,
33047779,
-34671418,
25887415,
14228176,
-17434813,
14158481,
-7893262,
1783622,
2248181,
-3710721,
3196527,
-13110148,
1542334,
5816842,
-8324569,
7107296,
-4089453,
1061162,
899245,
-1769181,
387480,
424684,
-611393,
418282,
-134826,
-255124,
-34627,
-1550783,
1255738,
-593447,
33106,
239381,
-313951,
-121873,
-4645,
