-3374,
-67557,
-48088,
61905,
-83688,
117138,
-161513,
215329,
-23170,
-98445,
55788,
-59427,
80349,
-116641,
173531,
-259234,
-275040,
333659,
-379455,
394532,
-353894,
224986,
32067,
-462887,
384016,
-559462,
797203,
-1107274,
1495685,
-1961331,
2492632,
-3063711,
1116156,
-2039529,
3273810,
-4846478,
6763702,
-9002434,
11502693,
-14160509,
3630844,
-4129707,
4473254,
-4551791,
4234319,
-3372049,
1803707,
638323,
16822358,
-19280231,
21266396,
-22446420,
22403212,
-20598112,
16282458,
-8273713,
-4121519,
8808906,
-14860533,
22444260,
-31765652,
43139303,
-57144732,
75009578,
-5648084,
30697421,
-83792254,
272000845,
1011799927,
-232409627,
139804702,
-99689379,
-99689379,
139804702,
-232409627,
1011799927,
272000845,
-83792254,
30697421,
-5648084,
75009578,
-57144732,
43139303,
-31765652,
22444260,
-14860533,
8808906,
-4121519,
-8273713,
16282458,
-20598112,
22403212,
-22446420,
21266396,
-19280231,
16822358,
638323,
1803707,
-3372049,
4234319,
-4551791,
4473254,
-4129707,
3630844,
-14160509,
11502693,
-9002434,
6763702,
-4846478,
3273810,
-2039529,
1116156,
-3063711,
2492632,
-1961331,
1495685,
-1107274,
797203,
-559462,
384016,
-462887,
32067,
224986,
-353894,
394532,
-379455,
333659,
-275040,
-259234,
173531,
-116641,
80349,
-59427,
55788,
-98445,
-23170,
215329,
-161513,
117138,
-83688,
61905,
-48088,
-67557,
-3374,
