-182,
21626,
158711,
122946,
-153378,
151703,
-116793,
23802,
2544,
76339,
201631,
-52702,
-42386,
137378,
-241279,
328888,
138014,
-359372,
606350,
-821012,
927210,
-842380,
495512,
152248,
-360973,
294107,
-92924,
-257289,
738746,
-1292546,
1817473,
-2177534,
-1087457,
2228439,
-3419049,
4435538,
-5008223,
4858259,
-3746090,
1525586,
2219075,
-1797580,
810534,
768522,
-2860338,
5261820,
-7645302,
9578883,
1803738,
-6055512,
10834713,
-15541614,
19404411,
-21538673,
21026636,
-17003723,
-10569171,
10123800,
-7827607,
3423465,
3113042,
-11515548,
21193553,
-31226670,
8733526,
4355176,
-22712435,
46882048,
-78140943,
120532115,
-189683718,
391387187,
40379969,
-47118279,
49563148,
-45242128,
30140798,
5117674,
-97955888,
882608112,
882608112,
-97955888,
5117674,
30140798,
-45242128,
49563148,
-47118279,
40379969,
391387187,
-189683718,
120532115,
-78140943,
46882048,
-22712435,
4355176,
8733526,
-31226670,
21193553,
-11515548,
3113042,
3423465,
-7827607,
10123800,
-10569171,
-17003723,
21026636,
-21538673,
19404411,
-15541614,
10834713,
-6055512,
1803738,
9578883,
-7645302,
5261820,
-2860338,
768522,
810534,
-1797580,
2219075,
1525586,
-3746090,
4858259,
-5008223,
4435538,
-3419049,
2228439,
-1087457,
-2177534,
1817473,
-1292546,
738746,
-257289,
-92924,
294107,
-360973,
152248,
495512,
-842380,
927210,
-821012,
606350,
-359372,
138014,
328888,
-241279,
137378,
-42386,
-52702,
201631,
76339,
2544,
23802,
-116793,
151703,
-153378,
122946,
158711,
21626,
-182,
