   -182,
   2544,
   21626,
   76339,
   158711,
   201631,
   122946,
   -52702,
   -153378,
   -42386,
   151703,
   137378,
   -116793,
   -241279,
   23802,
   328888,
   138014,
   -360973,
   -359372,
   294107,
   606350,
   -92924,
   -821012,
   -257289,
   927210,
   738746,
   -842380,
   -1292546,
   495512,
   1817473,
   152248,
   -2177534,
   -1087457,
   2219075,
   2228439,
   -1797580,
   -3419049,
   810534,
   4435538,
   768522,
   -5008223,
   -2860338,
   4858259,
   5261820,
   -3746090,
   -7645302,
   1525586,
   9578883,
   1803738,
   -10569171,
   -6055512,
   10123800,
   10834713,
   -7827607,
   -15541614,
   3423465,
   19404411,
   3113042,
   -21538673,
   -11515548,
   21026636,
   21193553,
   -17003723,
   -31226670,
   8733526,
   40379969,
   4355176,
   -47118279,
   -22712435,
   49563148,
   46882048,
   -45242128,
   -78140943,
   30140798,
   120532115,
   5117674,
   -189683718,
   -97955888,
   391387187,
   882608112,
   882608112,
   391387187,
   -97955888,
   -189683718,
   5117674,
   120532115,
   30140798,
   -78140943,
   -45242128,
   46882048,
   49563148,
   -22712435,
   -47118279,
   4355176,
   40379969,
   8733526,
   -31226670,
   -17003723,
   21193553,
   21026636,
   -11515548,
   -21538673,
   3113042,
   19404411,
   3423465,
   -15541614,
   -7827607,
   10834713,
   10123800,
   -6055512,
   -10569171,
   1803738,
   9578883,
   1525586,
   -7645302,
   -3746090,
   5261820,
   4858259,
   -2860338,
   -5008223,
   768522,
   4435538,
   810534,
   -3419049,
   -1797580,
   2228439,
   2219075,
   -1087457,
   -2177534,
   152248,
   1817473,
   495512,
   -1292546,
   -842380,
   738746,
   927210,
   -257289,
   -821012,
   -92924,
   606350,
   294107,
   -359372,
   -360973,
   138014,
   328888,
   23802,
   -241279,
   -116793,
   137378,
   151703,
   -42386,
   -153378,
   -52702,
   122946,
   201631,
   158711,
   76339,
   21626,
   2544,
   -182

