4088,
52232,
-78700,
-252954,
159917,
-247994,
280399,
-331505,
22877,
39434,
-243544,
-27713,
11679,
-115799,
215609,
-372434,
355994,
-353726,
305399,
-196031,
5661,
286348,
-702275,
1266261,
570721,
-821909,
1125237,
-1481866,
1888156,
-2337707,
2820706,
-3322723,
-2003426,
2939148,
-4099418,
5511147,
-7200672,
9196546,
-11528466,
14230831,
3824366,
-4301558,
4724959,
-5058453,
5260641,
-5281702,
5063974,
-4538510,
-17345088,
20926099,
-25049741,
29830877,
-35448388,
42198718,
-50601866,
61638261,
3622234,
-2210550,
168488,
2691385,
-6643064,
12119856,
-19870719,
31333255,
-77371075,
102912632,
-155144075,
341165288,
946048435,
-171137264,
83869448,
-49706192,
-49706192,
83869448,
-171137264,
946048435,
341165288,
-155144075,
102912632,
-77371075,
31333255,
-19870719,
12119856,
-6643064,
2691385,
168488,
-2210550,
3622234,
61638261,
-50601866,
42198718,
-35448388,
29830877,
-25049741,
20926099,
-17345088,
-4538510,
5063974,
-5281702,
5260641,
-5058453,
4724959,
-4301558,
3824366,
14230831,
-11528466,
9196546,
-7200672,
5511147,
-4099418,
2939148,
-2003426,
-3322723,
2820706,
-2337707,
1888156,
-1481866,
1125237,
-821909,
570721,
1266261,
-702275,
286348,
5661,
-196031,
305399,
-353726,
355994,
-372434,
215609,
-115799,
11679,
-27713,
-243544,
39434,
22877,
-331505,
280399,
-247994,
159917,
-252954,
-78700,
52232,
4088,
