   -4555,
   -38349,
   -141754,
   -291162,
   -314466,
   -39602,
   337431,
   272680,
   -333361,
   -609228,
   173131,
   1022738,
   257203,
   -1405464,
   -1035381,
   1589908,
   2184266,
   -1356294,
   -3638331,
   459446,
   5216781,
   1329759,
   -6610050,
   -4174607,
   7380247,
   8114804,
   -6983751,
   -13013074,
   4811593,
   18513029,
   -239251,
   -24010548,
   -7325623,
   28638180,
   18423301,
   -31242886,
   -33590787,
   30305055,
   53568329,
   -23654282,
   -79920770,
   7493849,
   117044265,
   27438670,
   -180953872,
   -118563479,
   377829021,
   900224220,
   900224220,
   377829021,
   -118563479,
   -180953872,
   27438670,
   117044265,
   7493849,
   -79920770,
   -23654282,
   53568329,
   30305055,
   -33590787,
   -31242886,
   18423301,
   28638180,
   -7325623,
   -24010548,
   -239251,
   18513029,
   4811593,
   -13013074,
   -6983751,
   8114804,
   7380247,
   -4174607,
   -6610050,
   1329759,
   5216781,
   459446,
   -3638331,
   -1356294,
   2184266,
   1589908,
   -1035381,
   -1405464,
   257203,
   1022738,
   173131,
   -609228,
   -333361,
   272680,
   337431,
   -39602,
   -314466,
   -291162,
   -141754,
   -38349,
   -4555
   
