-4555,
-141754,
-314466,
337431,
-333361,
173131,
257203,
-1035381,
-38349,
-291162,
-39602,
272680,
-609228,
1022738,
-1405464,
1589908,
2184266,
-3638331,
5216781,
-6610050,
7380247,
-6983751,
4811593,
-239251,
-1356294,
459446,
1329759,
-4174607,
8114804,
-13013074,
18513029,
-24010548,
-7325623,
18423301,
-33590787,
53568329,
-79920770,
117044265,
-180953872,
377829021,
28638180,
-31242886,
30305055,
-23654282,
7493849,
27438670,
-118563479,
900224220,
900224220,
-118563479,
27438670,
7493849,
-23654282,
30305055,
-31242886,
28638180,
377829021,
-180953872,
117044265,
-79920770,
53568329,
-33590787,
18423301,
-7325623,
-24010548,
18513029,
-13013074,
8114804,
-4174607,
1329759,
459446,
-1356294,
-239251,
4811593,
-6983751,
7380247,
-6610050,
5216781,
-3638331,
2184266,
1589908,
-1405464,
1022738,
-609228,
272680,
-39602,
-291162,
-38349,
-1035381,
257203,
173131,
-333361,
337431,
-314466,
-141754,
-4555,
