-422446,
12070025,
100253024,
226277648,
239128528,
101577152,
12007581,
-432467,
-332380,
-43836004,
-169887344,
1890804352,
-174172560,
-44055232,
-279854,
0,
-412569,
12127070,
98906832,
213543488,
252094080,
102878440,
11939668,
-442635,
-383548,
-43603444,
-165586912,
1890567168,
-178440784,
-44260856,
-225962,
0,
-402840,
12178780,
97539344,
200927984,
265172272,
104156128,
11866224,
-452946,
-433367,
-43357816,
-161272992,
1890092800,
-182690240,
-44452616,
-170696,
0,
-393256,
12225227,
96151336,
188433088,
278361024,
105409448,
11787183,
-463402,
-481847,
-43099400,
-156947328,
1889381376,
-186919136,
-44630240,
-114049,
0,
-383819,
12266478,
94743552,
176060672,
291658144,
106637624,
11702484,
-474000,
-528996,
-42828456,
-152611648,
1888433152,
-191125664,
-44793480,
-56014,
0,
-374529,
12302606,
93316784,
163812592,
305061536,
107839896,
11612064,
-484741,
-574825,
-42545268,
-148267664,
1887248384,
-195308016,
-44942064,
3417,
0,
-365386,
12333681,
91871784,
151690640,
318568928,
109015496,
11515865,
-495623,
-619344,
-42250108,
-143917056,
1885827072,
-199464368,
-45075740,
64248,
0,
-356389,
12359778,
90409312,
139696576,
332178080,
110163664,
11413827,
-506645,
-662565,
-41943252,
-139561504,
1884169984,
-203592880,
-45194260,
126485,
0,
-347540,
12380968,
88930136,
127832112,
345886720,
111283632,
11305894,
-517806,
-704497,
-41624976,
-135202656,
1882277120,
-207691696,
-45297368,
190133,
0,
-338836,
12397327,
87435016,
116098928,
359692512,
112374640,
11192012,
-529104,
-745154,
-41295564,
-130842168,
1880149248,
-211758976,
-45384812,
255197,
0,
-330279,
12408930,
85924704,
104498640,
373593088,
113435944,
11072125,
-540538,
-784545,
-40955288,
-126481664,
1877786752,
-215792848,
-45456356,
321680,
0,
-321868,
12415853,
84399952,
93032840,
387586048,
114466776,
10946183,
-552107,
-822685,
-40604432,
-122122752,
1875190272,
-219791456,
-45511752,
389586,
0,
-313602,
12418172,
82861512,
81703048,
401668960,
115466400,
10814136,
-563808,
-859584,
-40243272,
-117767016,
1872360320,
-223752880,
-45550764,
458916,
-3122,
-305481,
12415966,
81310136,
70510768,
415839328,
116434048,
10675933,
-575640,
-895256,
-39872092,
-113416032,
1869297664,
-227675248,
-45573160,
529674,
-756,
-297505,
12409311,
79746560,
59457448,
430094656,
117368992,
10531531,
-587601,
-929714,
-39491172,
-109071352,
1866003072,
-231556672,
-45578704,
601860,
-848,
-289672,
12398288,
78171536,
48544488,
444432416,
118270496,
10380882,
-599689,
-962971,
-39100796,
-104734504,
1862477184,
-235395248,
-45567168,
675475,
-944,
-281983,
12382973,
76585784,
37773236,
458850016,
119137808,
10223945,
-611900,
-995040,
-38701240,
-100407008,
1858721152,
-239189056,
-45538332,
750520,
-1051,
-274435,
12363448,
74990048,
27145012,
473344832,
119970224,
10060679,
-624235,
-1025936,
-38292784,
-96090352,
1854735616,
-242936192,
-45491976,
826994,
-1164,
-267030,
12339791,
73385040,
16661075,
487914240,
120767000,
9891045,
-636688,
-1055671,
-37875712,
-91786016,
1850521728,
-246634736,
-45427888,
904896,
-1287,
-259765,
12312085,
71771504,
6322644,
502555584,
121527424,
9715006,
-649259,
-1084262,
-37450308,
-87495456,
1846080384,
-250282752,
-45345852,
984224,
-1415,
-252640,
12280408,
70150136,
-3869108,
517266112,
122250784,
9532528,
-661943,
-1111722,
-37016844,
-83220096,
1841412864,
-253878336,
-45245664,
1064975,
-1555,
-245654,
12244843,
68521664,
-13913055,
532043104,
122936376,
9343578,
-674739,
-1138066,
-36575604,
-78961360,
1836519936,
-257419552,
-45127120,
1147147,
-1701,
-238806,
12205469,
66886784,
-23808120,
546883776,
123583496,
9148127,
-687642,
-1163307,
-36126864,
-74720632,
1831403136,
-260904464,
-44990028,
1230734,
-1862,
-232093,
12162371,
65246200,
-33553268,
561785408,
124191456,
8946145,
-700651,
-1187463,
-35670904,
-70499272,
1826063616,
-264331136,
-44834196,
1315734,
-2031,
-225518,
12115627,
63600604,
-43147512,
576745088,
124759568,
8737607,
-713761,
-1210547,
-35208000,
-66298648,
1820502528,
-267697632,
-44659432,
1402140,
-2215,
-219076,
12065321,
61950688,
-52589916,
591760000,
125287152,
8522491,
-726969,
-1232576,
-34738428,
-62120068,
1814721280,
-271002048,
-44465560,
1489946,
-2401,
-212768,
12011535,
60297132,
-61879584,
606827200,
125773552,
8300775,
-740270,
-1253564,
-34262464,
-57964844,
1808721408,
-274242400,
-44252400,
1579144,
-2607,
-206592,
11954351,
58640612,
-71015672,
621943872,
126218096,
8072441,
-753662,
-1273528,
-33780380,
-53834256,
1802504192,
-277416800,
-44019788,
1669729,
-2823,
-200547,
11893849,
56981800,
-79997376,
637107072,
126620136,
7837473,
-767140,
-1292482,
-33292452,
-49729552,
1796071296,
-280523296,
-43767552,
1761690,
-3051,
-194631,
11830114,
55321352,
-88823952,
652313856,
126979024,
7595857,
-780700,
-1310443,
-32798946,
-45651980,
1789424128,
-283559968,
-43495536,
1855019,
-3294,
-188844,
11763227,
53659928,
-97494680,
667561152,
127294136,
7347583,
-794337,
-1327427,
-32300134,
-41602744,
1782564352,
-286524864,
-43203584,
1949705,
-3550,
-183183,
11693269,
51998172,
-106008912,
682846016,
127564840,
7092643,
-808048,
-1343449,
-31796284,
-37583032,
1775493632,
-289416096,
-42891556,
2045737,
-3821,
-177648,
11620322,
50336728,
-114366024,
698165440,
127790520,
6831032,
-821827,
-1358527,
-31287664,
-33594012,
1768213632,
-292231744,
-42559308,
2143105,
-4108,
-172237,
11544469,
48676224,
-122565456,
713516288,
127970592,
6562745,
-835670,
-1372675,
-30774536,
-29636820,
1760726144,
-294969856,
-42206704,
2241794,
-4411,
-166949,
11465790,
47017288,
-130606696,
728895616,
128104440,
6287785,
-849570,
-1385911,
-30257164,
-25712574,
1753032960,
-297628576,
-41833616,
2341792,
-4731,
-161781,
11384368,
45360540,
-138489248,
744300224,
128191504,
6006153,
-863524,
-1398251,
-29735808,
-21822368,
1745135872,
-300205952,
-41439924,
2443084,
-5068,
-156733,
11300282,
43706580,
-146212704,
759727104,
128231200,
5717856,
-877525,
-1409710,
-29210726,
-17967266,
1737036928,
-302700128,
-41025512,
2545655,
-5424,
-151803,
11213615,
42056016,
-153776688,
775173056,
128222976,
5422901,
-891570,
-1420306,
-28682176,
-14148314,
1728738048,
-305109216,
-40590280,
2649489,
-5797,
-146991,
11124445,
40409436,
-161180832,
790634880,
128166288,
5121302,
-905649,
-1430055,
-28150414,
-10366532,
1720241024,
-307431296,
-40134116,
2754569,
-6192,
-142292,
11032854,
38767424,
-168424880,
806109568,
128060600,
4813071,
-919760,
-1438973,
-27615692,
-6622913,
1711548032,
-309664544,
-39656936,
2860877,
-6605,
-137709,
10938920,
37130560,
-175508560,
821593792,
127905400,
4498228,
-933895,
-1447076,
-27078256,
-2918426,
1702661248,
-311807040,
-39158648,
2968393,
-7040,
-133235,
10842725,
35499400,
-182431696,
837084416,
127700176,
4176792,
-948048,
-1454382,
-26538356,
745983,
1693582720,
-313856992,
-38639180,
3077099,
-7497,
-128874,
10744345,
33874508,
-189194112,
852578304,
127444440,
3848787,
-962212,
-1460906,
-25996240,
4369395,
1684314496,
-315812544,
-38098456,
3186973,
-7976,
-124620,
10643861,
32256432,
-195795728,
868072128,
127137712,
3514241,
-976382,
-1466665,
-25452146,
7950916,
1674858880,
-317671840,
-37536412,
3297994,
-8479,
-120474,
10541348,
30645708,
-202236448,
883562688,
126779520,
3173183,
-990548,
-1471675,
-24906316,
11489676,
1665218176,
-319433120,
-36952996,
3410139,
-9006,
-116432,
10436887,
29042868,
-208516272,
899046720,
126369432,
2825646,
-1004706,
-1475953,
-24358988,
14984831,
1655394688,
-321094496,
-36348160,
3523386,
-9558,
-112495,
10330552,
27448432,
-214635232,
914521024,
125906992,
2471669,
-1018847,
-1479515,
-23810396,
18435562,
1645390720,
-322654240,
-35721864,
3637707,
-10137,
-108660,
10222421,
25862908,
-220593376,
929982272,
125391800,
2111288,
-1032964,
-1482377,
-23260770,
21841076,
1635208576,
-324110592,
-35074072,
3753080,
-10742,
-104925,
10112568,
24286802,
-226390816,
945427200,
124823440,
1744549,
-1047049,
-1484555,
-22710340,
25200602,
1624850816,
-325461728,
-34404772,
3869476,
-11376,
-101289,
10001070,
22720600,
-232027728,
960852608,
124201536,
1371498,
-1061096,
-1486067,
-22159332,
28513400,
1614319744,
-326705920,
-33713940,
3986870,
-12038,
-97751,
9888001,
21164788,
-237504304,
976255040,
123525696,
992184,
-1075093,
-1486926,
-21607972,
31778752,
1603618048,
-327841472,
-33001572,
4105231,
-12731,
-94307,
9773435,
19619836,
-242820768,
991631360,
122795592,
606661,
-1089036,
-1487151,
-21056474,
34995964,
1592748032,
-328866656,
-32267672,
4224531,
-13454,
-90959,
9657444,
18086208,
-247977440,
1006978176,
122010864,
214986,
-1102914,
-1486755,
-20505058,
38164368,
1581712512,
-329779776,
-31512252,
4344738,
-14209,
-87701,
9540102,
16564351,
-252974608,
1022292224,
121171200,
-182783,
-1116720,
-1485757,
-19953940,
41283328,
1570513792,
-330579136,
-30735328,
4465823,
-14997,
-84535,
9421479,
15054712,
-257812672,
1037570240,
120276304,
-586580,
-1130443,
-1484170,
-19403326,
44352224,
1559154816,
-331263072,
-29936934,
4587751,
-15818,
-81457,
9301648,
13557721,
-262492016,
1052808768,
119325880,
-996339,
-1144076,
-1482012,
-18853426,
47370464,
1547638016,
-331829984,
-29117104,
4710490,
-16675,
-78467,
9180678,
12073799,
-267013120,
1068004608,
118319664,
-1411988,
-1157608,
-1479296,
-18304444,
50337480,
1535966336,
-332278240,
-28275888,
4834005,
-17568,
-75562,
9058639,
10603359,
-271376448,
1083154432,
117257408,
-1833455,
-1171031,
-1476040,
-17756580,
53252740,
1524142336,
-332606240,
-27413340,
4958261,
-18497,
-72742,
8935599,
9146801,
-275582528,
1098254848,
116138880,
-2260660,
-1184334,
-1472257,
-17210034,
56115720,
1512168832,
-332812384,
-26529528,
5083219,
-19466,
-70003,
8811626,
7704517,
-279631968,
1113302656,
114963872,
-2693524,
-1197510,
-1467964,
-16664997,
58925936,
1500048640,
-332895168,
-25624526,
5208845,
-20473,
-67346,
8686787,
6276887,
-283525376,
1128294528,
113732192,
-3131960,
-1210545,
-1463175,
-16121660,
61682920,
1487784576,
-332853024,
-24698416,
5335097,
-21522,
-64767,
8561150,
4864282,
-287263360,
1143227008,
112443672,
-3575881,
-1223431,
-1457906,
-15580212,
64386228,
1475379584,
-332684448,
-23751296,
5461938,
-22612,
-62267,
8434777,
3467060,
-290846624,
1158097024,
111098152,
-4025193,
-1236158,
-1452171,
-15040835,
67035448,
1462836352,
-332387936,
-22783270,
5589325,
-23745,
-59841,
8307736,
2085572,
-294275936,
1172901120,
109695496,
-4479801,
-1248714,
-1445985,
-14503711,
69630192,
1450158080,
-331962080,
-21794448,
5717218,
-24922,
-57491,
8180087,
720156,
-297552000,
1187636096,
108235608,
-4939605,
-1261089,
-1439361,
-13969015,
72170088,
1437347456,
-331405408,
-20784954,
5845573,
-26146,
-55212,
8051896,
-628858,
-300675680,
1202298496,
106718384,
-5404503,
-1273272,
-1432316,
-13436921,
74654800,
1424407552,
-330716544,
-19754922,
5974346,
-27416,
-53006,
7923222,
-1961153,
-303647744,
1216885248,
105143752,
-5874387,
-1285251,
-1424862,
-12907598,
77084000,
1411341440,
-329894080,
-18704496,
6103493,
-28734,
-50868,
7794127,
-3276421,
-306469152,
1231393024,
103511672,
-6349147,
-1297015,
-1417015,
-12381213,
79457408,
1398152064,
-328936672,
-17633826,
6232969,
-30101,
-48799,
7664671,
-4574366,
-309140736,
1245818624,
101822112,
-6828667,
-1308553,
-1408788,
-11857928,
81774744,
1384842496,
-327842976,
-16543077,
6362724,
-31520,
-46796,
7534913,
-5854699,
-311663488,
1260158592,
100075072,
-7312831,
-1319853,
-1400194,
-11337901,
84035768,
1371415808,
-326611744,
-15432422,
6492713,
-32990,
-44859,
7404910,
-7117146,
-314038368,
1274409856,
98270552,
-7801516,
-1330902,
-1391247,
-10821288,
86240264,
1357874944,
-325241664,
-14302045,
6622885,
-34514,
-42984,
7274720,
-8361440,
-316266400,
1288569216,
96408608,
-8294597,
-1341689,
-1381962,
-10308240,
88388024,
1344223104,
-323731488,
-13152137,
6753192,
-36092,
-41172,
7144398,
-9587326,
-318348640,
1302633472,
94489288,
-8791945,
-1352201,
-1372350,
-9798905,
90478880,
1330463616,
-322080032,
-11982904,
6883581,
-37728,
-39420,
7014001,
-10794559,
-320286144,
1316599296,
92512672,
-9293426,
-1362426,
-1362426,
-9293426,
92512672,
1316599296,
-320286144,
-10794559,
7014001,
-39420,
-37728,
6883581,
-11982904,
-322080032,
1330463616,
90478880,
-9798905,
-1372350,
-1352201,
-8791945,
94489288,
1302633472,
-318348640,
-9587326,
7144398,
-41172,
-36092,
6753192,
-13152137,
-323731488,
1344223104,
88388024,
-10308240,
-1381962,
-1341689,
-8294597,
96408608,
1288569216,
-316266400,
-8361440,
7274720,
-42984,
-34514,
6622885,
-14302045,
-325241664,
1357874944,
86240264,
-10821288,
-1391247,
-1330902,
-7801516,
98270552,
1274409856,
-314038368,
-7117146,
7404910,
-44859,
-32990,
6492713,
-15432422,
-326611744,
1371415808,
84035768,
-11337901,
-1400194,
-1319853,
-7312831,
100075072,
1260158592,
-311663488,
-5854699,
7534913,
-46796,
-31520,
6362724,
-16543077,
-327842976,
1384842496,
81774744,
-11857928,
-1408788,
-1308553,
-6828667,
101822112,
1245818624,
-309140736,
-4574366,
7664671,
-48799,
-30101,
6232969,
-17633826,
-328936672,
1398152064,
79457408,
-12381213,
-1417015,
-1297015,
-6349147,
103511672,
1231393024,
-306469152,
-3276421,
7794127,
-50868,
-28734,
6103493,
-18704496,
-329894080,
1411341440,
77084000,
-12907598,
-1424862,
-1285251,
-5874387,
105143752,
1216885248,
-303647744,
-1961153,
7923222,
-53006,
-27416,
5974346,
-19754922,
-330716544,
1424407552,
74654800,
-13436921,
-1432316,
-1273272,
-5404503,
106718384,
1202298496,
-300675680,
-628858,
8051896,
-55212,
-26146,
5845573,
-20784954,
-331405408,
1437347456,
72170088,
-13969015,
-1439361,
-1261089,
-4939605,
108235608,
1187636096,
-297552000,
720156,
8180087,
-57491,
-24922,
5717218,
-21794448,
-331962080,
1450158080,
69630192,
-14503711,
-1445985,
-1248714,
-4479801,
109695496,
1172901120,
-294275936,
2085572,
8307736,
-59841,
-23745,
5589325,
-22783270,
-332387936,
1462836352,
67035448,
-15040835,
-1452171,
-1236158,
-4025193,
111098152,
1158097024,
-290846624,
3467060,
8434777,
-62267,
-22612,
5461938,
-23751296,
-332684448,
1475379584,
64386228,
-15580212,
-1457906,
-1223431,
-3575881,
112443672,
1143227008,
-287263360,
4864282,
8561150,
-64767,
-21522,
5335097,
-24698416,
-332853024,
1487784576,
61682920,
-16121660,
-1463175,
-1210545,
-3131960,
113732192,
1128294528,
-283525376,
6276887,
8686787,
-67346,
-20473,
5208845,
-25624526,
-332895168,
1500048640,
58925936,
-16664997,
-1467964,
-1197510,
-2693524,
114963872,
1113302656,
-279631968,
7704517,
8811626,
-70003,
-19466,
5083219,
-26529528,
-332812384,
1512168832,
56115720,
-17210034,
-1472257,
-1184334,
-2260660,
116138880,
1098254848,
-275582528,
9146801,
8935599,
-72742,
-18497,
4958261,
-27413340,
-332606240,
1524142336,
53252740,
-17756580,
-1476040,
-1171031,
-1833455,
117257408,
1083154432,
-271376448,
10603359,
9058639,
-75562,
-17568,
4834005,
-28275888,
-332278240,
1535966336,
50337480,
-18304444,
-1479296,
-1157608,
-1411988,
118319664,
1068004608,
-267013120,
12073799,
9180678,
-78467,
-16675,
4710490,
-29117104,
-331829984,
1547638016,
47370464,
-18853426,
-1482012,
-1144076,
-996339,
119325880,
1052808768,
-262492016,
13557721,
9301648,
-81457,
-15818,
4587751,
-29936934,
-331263072,
1559154816,
44352224,
-19403326,
-1484170,
-1130443,
-586580,
120276304,
1037570240,
-257812672,
15054712,
9421479,
-84535,
-14997,
4465823,
-30735328,
-330579136,
1570513792,
41283328,
-19953940,
-1485757,
-1116720,
-182783,
121171200,
1022292224,
-252974608,
16564351,
9540102,
-87701,
-14209,
4344738,
-31512252,
-329779776,
1581712512,
38164368,
-20505058,
-1486755,
-1102914,
214986,
122010864,
1006978176,
-247977440,
18086208,
9657444,
-90959,
-13454,
4224531,
-32267672,
-328866656,
1592748032,
34995964,
-21056474,
-1487151,
-1089036,
606661,
122795592,
991631360,
-242820768,
19619836,
9773435,
-94307,
-12731,
4105231,
-33001572,
-327841472,
1603618048,
31778752,
-21607972,
-1486926,
-1075093,
992184,
123525696,
976255040,
-237504304,
21164788,
9888001,
-97751,
-12038,
3986870,
-33713940,
-326705920,
1614319744,
28513400,
-22159332,
-1486067,
-1061096,
1371498,
124201536,
960852608,
-232027728,
22720600,
10001070,
-101289,
-11376,
3869476,
-34404772,
-325461728,
1624850816,
25200602,
-22710340,
-1484555,
-1047049,
1744549,
124823440,
945427200,
-226390816,
24286802,
10112568,
-104925,
-10742,
3753080,
-35074072,
-324110592,
1635208576,
21841076,
-23260770,
-1482377,
-1032964,
2111288,
125391800,
929982272,
-220593376,
25862908,
10222421,
-108660,
-10137,
3637707,
-35721864,
-322654240,
1645390720,
18435562,
-23810396,
-1479515,
-1018847,
2471669,
125906992,
914521024,
-214635232,
27448432,
10330552,
-112495,
-9558,
3523386,
-36348160,
-321094496,
1655394688,
14984831,
-24358988,
-1475953,
-1004706,
2825646,
126369432,
899046720,
-208516272,
29042868,
10436887,
-116432,
-9006,
3410139,
-36952996,
-319433120,
1665218176,
11489676,
-24906316,
-1471675,
-990548,
3173183,
126779520,
883562688,
-202236448,
30645708,
10541348,
-120474,
-8479,
3297994,
-37536412,
-317671840,
1674858880,
7950916,
-25452146,
-1466665,
-976382,
3514241,
127137712,
868072128,
-195795728,
32256432,
10643861,
-124620,
-7976,
3186973,
-38098456,
-315812544,
1684314496,
4369395,
-25996240,
-1460906,
-962212,
3848787,
127444440,
852578304,
-189194112,
33874508,
10744345,
-128874,
-7497,
3077099,
-38639180,
-313856992,
1693582720,
745983,
-26538356,
-1454382,
-948048,
4176792,
127700176,
837084416,
-182431696,
35499400,
10842725,
-133235,
-7040,
2968393,
-39158648,
-311807040,
1702661248,
-2918426,
-27078256,
-1447076,
-933895,
4498228,
127905400,
821593792,
-175508560,
37130560,
10938920,
-137709,
-6605,
2860877,
-39656936,
-309664544,
1711548032,
-6622913,
-27615692,
-1438973,
-919760,
4813071,
128060600,
806109568,
-168424880,
38767424,
11032854,
-142292,
-6192,
2754569,
-40134116,
-307431296,
1720241024,
-10366532,
-28150414,
-1430055,
-905649,
5121302,
128166288,
790634880,
-161180832,
40409436,
11124445,
-146991,
-5797,
2649489,
-40590280,
-305109216,
1728738048,
-14148314,
-28682176,
-1420306,
-891570,
5422901,
128222976,
775173056,
-153776688,
42056016,
11213615,
-151803,
-5424,
2545655,
-41025512,
-302700128,
1737036928,
-17967266,
-29210726,
-1409710,
-877525,
5717856,
128231200,
759727104,
-146212704,
43706580,
11300282,
-156733,
-5068,
2443084,
-41439924,
-300205952,
1745135872,
-21822368,
-29735808,
-1398251,
-863524,
6006153,
128191504,
744300224,
-138489248,
45360540,
11384368,
-161781,
-4731,
2341792,
-41833616,
-297628576,
1753032960,
-25712574,
-30257164,
-1385911,
-849570,
6287785,
128104440,
728895616,
-130606696,
47017288,
11465790,
-166949,
-4411,
2241794,
-42206704,
-294969856,
1760726144,
-29636820,
-30774536,
-1372675,
-835670,
6562745,
127970592,
713516288,
-122565456,
48676224,
11544469,
-172237,
-4108,
2143105,
-42559308,
-292231744,
1768213632,
-33594012,
-31287664,
-1358527,
-821827,
6831032,
127790520,
698165440,
-114366024,
50336728,
11620322,
-177648,
-3821,
2045737,
-42891556,
-289416096,
1775493632,
-37583032,
-31796284,
-1343449,
-808048,
7092643,
127564840,
682846016,
-106008912,
51998172,
11693269,
-183183,
-3550,
1949705,
-43203584,
-286524864,
1782564352,
-41602744,
-32300134,
-1327427,
-794337,
7347583,
127294136,
667561152,
-97494680,
53659928,
11763227,
-188844,
-3294,
1855019,
-43495536,
-283559968,
1789424128,
-45651980,
-32798946,
-1310443,
-780700,
7595857,
126979024,
652313856,
-88823952,
55321352,
11830114,
-194631,
-3051,
1761690,
-43767552,
-280523296,
1796071296,
-49729552,
-33292452,
-1292482,
-767140,
7837473,
126620136,
637107072,
-79997376,
56981800,
11893849,
-200547,
-2823,
1669729,
-44019788,
-277416800,
1802504192,
-53834256,
-33780380,
-1273528,
-753662,
8072441,
126218096,
621943872,
-71015672,
58640612,
11954351,
-206592,
-2607,
1579144,
-44252400,
-274242400,
1808721408,
-57964844,
-34262464,
-1253564,
-740270,
8300775,
125773552,
606827200,
-61879584,
60297132,
12011535,
-212768,
-2401,
1489946,
-44465560,
-271002048,
1814721280,
-62120068,
-34738428,
-1232576,
-726969,
8522491,
125287152,
591760000,
-52589916,
61950688,
12065321,
-219076,
-2215,
1402140,
-44659432,
-267697632,
1820502528,
-66298648,
-35208000,
-1210547,
-713761,
8737607,
124759568,
576745088,
-43147512,
63600604,
12115627,
-225518,
-2031,
1315734,
-44834196,
-264331136,
1826063616,
-70499272,
-35670904,
-1187463,
-700651,
8946145,
124191456,
561785408,
-33553268,
65246200,
12162371,
-232093,
-1862,
1230734,
-44990028,
-260904464,
1831403136,
-74720632,
-36126864,
-1163307,
-687642,
9148127,
123583496,
546883776,
-23808120,
66886784,
12205469,
-238806,
-1701,
1147147,
-45127120,
-257419552,
1836519936,
-78961360,
-36575604,
-1138066,
-674739,
9343578,
122936376,
532043104,
-13913055,
68521664,
12244843,
-245654,
-1555,
1064975,
-45245664,
-253878336,
1841412864,
-83220096,
-37016844,
-1111722,
-661943,
9532528,
122250784,
517266112,
-3869108,
70150136,
12280408,
-252640,
-1415,
984224,
-45345852,
-250282752,
1846080384,
-87495456,
-37450308,
-1084262,
-649259,
9715006,
121527424,
502555584,
6322644,
71771504,
12312085,
-259765,
-1287,
904896,
-45427888,
-246634736,
1850521728,
-91786016,
-37875712,
-1055671,
-636688,
9891045,
120767000,
487914240,
16661075,
73385040,
12339791,
-267030,
-1164,
826994,
-45491976,
-242936192,
1854735616,
-96090352,
-38292784,
-1025936,
-624235,
10060679,
119970224,
473344832,
27145012,
74990048,
12363448,
-274435,
-1051,
750520,
-45538332,
-239189056,
1858721152,
-100407008,
-38701240,
-995040,
-611900,
10223945,
119137808,
458850016,
37773236,
76585784,
12382973,
-281983,
-944,
675475,
-45567168,
-235395248,
1862477184,
-104734504,
-39100796,
-962971,
-599689,
10380882,
118270496,
444432416,
48544488,
78171536,
12398288,
-289672,
-848,
601860,
-45578704,
-231556672,
1866003072,
-109071352,
-39491172,
-929714,
-587601,
10531531,
117368992,
430094656,
59457448,
79746560,
12409311,
-297505,
-756,
529674,
-45573160,
-227675248,
1869297664,
-113416032,
-39872092,
-895256,
-575640,
10675933,
116434048,
415839328,
70510768,
81310136,
12415966,
-305481,
-3122,
458916,
-45550764,
-223752880,
1872360320,
-117767016,
-40243272,
-859584,
-563808,
10814136,
115466400,
401668960,
81703048,
82861512,
12418172,
-313602,
0,
389586,
-45511752,
-219791456,
1875190272,
-122122752,
-40604432,
-822685,
-552107,
10946183,
114466776,
387586048,
93032840,
84399952,
12415853,
-321868,
0,
321680,
-45456356,
-215792848,
1877786752,
-126481664,
-40955288,
-784545,
-540538,
11072125,
113435944,
373593088,
104498640,
85924704,
12408930,
-330279,
0,
255197,
-45384812,
-211758976,
1880149248,
-130842168,
-41295564,
-745154,
-529104,
11192012,
112374640,
359692512,
116098928,
87435016,
12397327,
-338836,
0,
190133,
-45297368,
-207691696,
1882277120,
-135202656,
-41624976,
-704497,
-517806,
11305894,
111283632,
345886720,
127832112,
88930136,
12380968,
-347540,
0,
126485,
-45194260,
-203592880,
1884169984,
-139561504,
-41943252,
-662565,
-506645,
11413827,
110163664,
332178080,
139696576,
90409312,
12359778,
-356389,
0,
64248,
-45075740,
-199464368,
1885827072,
-143917056,
-42250108,
-619344,
-495623,
11515865,
109015496,
318568928,
151690640,
91871784,
12333681,
-365386,
0,
3417,
-44942064,
-195308016,
1887248384,
-148267664,
-42545268,
-574825,
-484741,
11612064,
107839896,
305061536,
163812592,
93316784,
12302606,
-374529,
0,
-56014,
-44793480,
-191125664,
1888433152,
-152611648,
-42828456,
-528996,
-474000,
11702484,
106637624,
291658144,
176060672,
94743552,
12266478,
-383819,
0,
-114049,
-44630240,
-186919136,
1889381376,
-156947328,
-43099400,
-481847,
-463402,
11787183,
105409448,
278361024,
188433088,
96151336,
12225227,
-393256,
0,
-170696,
-44452616,
-182690240,
1890092800,
-161272992,
-43357816,
-433367,
-452946,
11866224,
104156128,
265172272,
200927984,
97539344,
12178780,
-402840,
0,
-225962,
-44260856,
-178440784,
1890567168,
-165586912,
-43603444,
-383548,
-442635,
11939668,
102878440,
252094080,
213543488,
98906832,
12127070,
-412569,
0,
-279854,
-44055232,
-174172560,
1890804352,
-169887344,
-43836004,
-332380,
-432467,
12007581,
101577152,
239128528,
226277648,
100253024,
12070025,
-422446,
