   -422446,
   -332380,
   12070025,
   -43836004,
   100253024,
   -169887344,
   226277648,
   1890804352,
   239128528,
   -174172560,
   101577152,
   -44055232,
   12007581,
   -279854,
   -432467,
    0,
   -412569,
   -383548,
   12127070,
   -43603444,
   98906832,
   -165586912,
   213543488,
   1890567168,
   252094080,
   -178440784,
   102878440,
   -44260856,
   11939668,
   -225962,
   -442635,
    0,
   -402840,
   -433367,
   12178780,
   -43357816,
   97539344,
   -161272992,
   200927984,
   1890092800,
   265172272,
   -182690240,
   104156128,
   -44452616,
   11866224,
   -170696,
   -452946,
    0,
   -393256,
   -481847,
   12225227,
   -43099400,
   96151336,
   -156947328,
   188433088,
   1889381376,
   278361024,
   -186919136,
   105409448,
   -44630240,
   11787183,
   -114049,
   -463402,
    0,
   -383819,
   -528996,
   12266478,
   -42828456,
   94743552,
   -152611648,
   176060672,
   1888433152,
   291658144,
   -191125664,
   106637624,
   -44793480,
   11702484,
   -56014,
   -474000,
    0,
   -374529,
   -574825,
   12302606,
   -42545268,
   93316784,
   -148267664,
   163812592,
   1887248384,
   305061536,
   -195308016,
   107839896,
   -44942064,
   11612064,
   3417,
   -484741,
    0,
   -365386,
   -619344,
   12333681,
   -42250108,
   91871784,
   -143917056,
   151690640,
   1885827072,
   318568928,
   -199464368,
   109015496,
   -45075740,
   11515865,
   64248,
   -495623,
    0,
   -356389,
   -662565,
   12359778,
   -41943252,
   90409312,
   -139561504,
   139696576,
   1884169984,
   332178080,
   -203592880,
   110163664,
   -45194260,
   11413827,
   126485,
   -506645,
    0,
   -347540,
   -704497,
   12380968,
   -41624976,
   88930136,
   -135202656,
   127832112,
   1882277120,
   345886720,
   -207691696,
   111283632,
   -45297368,
   11305894,
   190133,
   -517806,
    0,
   -338836,
   -745154,
   12397327,
   -41295564,
   87435016,
   -130842168,
   116098928,
   1880149248,
   359692512,
   -211758976,
   112374640,
   -45384812,
   11192012,
   255197,
   -529104,
    0,
   -330279,
   -784545,
   12408930,
   -40955288,
   85924704,
   -126481664,
   104498640,
   1877786752,
   373593088,
   -215792848,
   113435944,
   -45456356,
   11072125,
   321680,
   -540538,
    0,
   -321868,
   -822685,
   12415853,
   -40604432,
   84399952,
   -122122752,
   93032840,
   1875190272,
   387586048,
   -219791456,
   114466776,
   -45511752,
   10946183,
   389586,
   -552107,
    0,
   -313602,
   -859584,
   12418172,
   -40243272,
   82861512,
   -117767016,
   81703048,
   1872360320,
   401668960,
   -223752880,
   115466400,
   -45550764,
   10814136,
   458916,
   -563808,
   -3122,
   -305481,
   -895256,
   12415966,
   -39872092,
   81310136,
   -113416032,
   70510768,
   1869297664,
   415839328,
   -227675248,
   116434048,
   -45573160,
   10675933,
   529674,
   -575640,
   -756,
   -297505,
   -929714,
   12409311,
   -39491172,
   79746560,
   -109071352,
   59457448,
   1866003072,
   430094656,
   -231556672,
   117368992,
   -45578704,
   10531531,
   601860,
   -587601,
   -848,
   -289672,
   -962971,
   12398288,
   -39100796,
   78171536,
   -104734504,
   48544488,
   1862477184,
   444432416,
   -235395248,
   118270496,
   -45567168,
   10380882,
   675475,
   -599689,
   -944,
   -281983,
   -995040,
   12382973,
   -38701240,
   76585784,
   -100407008,
   37773236,
   1858721152,
   458850016,
   -239189056,
   119137808,
   -45538332,
   10223945,
   750520,
   -611900,
   -1051,
   -274435,
   -1025936,
   12363448,
   -38292784,
   74990048,
   -96090352,
   27145012,
   1854735616,
   473344832,
   -242936192,
   119970224,
   -45491976,
   10060679,
   826994,
   -624235,
   -1164,
   -267030,
   -1055671,
   12339791,
   -37875712,
   73385040,
   -91786016,
   16661075,
   1850521728,
   487914240,
   -246634736,
   120767000,
   -45427888,
   9891045,
   904896,
   -636688,
   -1287,
   -259765,
   -1084262,
   12312085,
   -37450308,
   71771504,
   -87495456,
   6322644,
   1846080384,
   502555584,
   -250282752,
   121527424,
   -45345852,
   9715006,
   984224,
   -649259,
   -1415,
   -252640,
   -1111722,
   12280408,
   -37016844,
   70150136,
   -83220096,
   -3869108,
   1841412864,
   517266112,
   -253878336,
   122250784,
   -45245664,
   9532528,
   1064975,
   -661943,
   -1555,
   -245654,
   -1138066,
   12244843,
   -36575604,
   68521664,
   -78961360,
   -13913055,
   1836519936,
   532043104,
   -257419552,
   122936376,
   -45127120,
   9343578,
   1147147,
   -674739,
   -1701,
   -238806,
   -1163307,
   12205469,
   -36126864,
   66886784,
   -74720632,
   -23808120,
   1831403136,
   546883776,
   -260904464,
   123583496,
   -44990028,
   9148127,
   1230734,
   -687642,
   -1862,
   -232093,
   -1187463,
   12162371,
   -35670904,
   65246200,
   -70499272,
   -33553268,
   1826063616,
   561785408,
   -264331136,
   124191456,
   -44834196,
   8946145,
   1315734,
   -700651,
   -2031,
   -225518,
   -1210547,
   12115627,
   -35208000,
   63600604,
   -66298648,
   -43147512,
   1820502528,
   576745088,
   -267697632,
   124759568,
   -44659432,
   8737607,
   1402140,
   -713761,
   -2215,
   -219076,
   -1232576,
   12065321,
   -34738428,
   61950688,
   -62120068,
   -52589916,
   1814721280,
   591760000,
   -271002048,
   125287152,
   -44465560,
   8522491,
   1489946,
   -726969,
   -2401,
   -212768,
   -1253564,
   12011535,
   -34262464,
   60297132,
   -57964844,
   -61879584,
   1808721408,
   606827200,
   -274242400,
   125773552,
   -44252400,
   8300775,
   1579144,
   -740270,
   -2607,
   -206592,
   -1273528,
   11954351,
   -33780380,
   58640612,
   -53834256,
   -71015672,
   1802504192,
   621943872,
   -277416800,
   126218096,
   -44019788,
   8072441,
   1669729,
   -753662,
   -2823,
   -200547,
   -1292482,
   11893849,
   -33292452,
   56981800,
   -49729552,
   -79997376,
   1796071296,
   637107072,
   -280523296,
   126620136,
   -43767552,
   7837473,
   1761690,
   -767140,
   -3051,
   -194631,
   -1310443,
   11830114,
   -32798946,
   55321352,
   -45651980,
   -88823952,
   1789424128,
   652313856,
   -283559968,
   126979024,
   -43495536,
   7595857,
   1855019,
   -780700,
   -3294,
   -188844,
   -1327427,
   11763227,
   -32300134,
   53659928,
   -41602744,
   -97494680,
   1782564352,
   667561152,
   -286524864,
   127294136,
   -43203584,
   7347583,
   1949705,
   -794337,
   -3550,
   -183183,
   -1343449,
   11693269,
   -31796284,
   51998172,
   -37583032,
   -106008912,
   1775493632,
   682846016,
   -289416096,
   127564840,
   -42891556,
   7092643,
   2045737,
   -808048,
   -3821,
   -177648,
   -1358527,
   11620322,
   -31287664,
   50336728,
   -33594012,
   -114366024,
   1768213632,
   698165440,
   -292231744,
   127790520,
   -42559308,
   6831032,
   2143105,
   -821827,
   -4108,
   -172237,
   -1372675,
   11544469,
   -30774536,
   48676224,
   -29636820,
   -122565456,
   1760726144,
   713516288,
   -294969856,
   127970592,
   -42206704,
   6562745,
   2241794,
   -835670,
   -4411,
   -166949,
   -1385911,
   11465790,
   -30257164,
   47017288,
   -25712574,
   -130606696,
   1753032960,
   728895616,
   -297628576,
   128104440,
   -41833616,
   6287785,
   2341792,
   -849570,
   -4731,
   -161781,
   -1398251,
   11384368,
   -29735808,
   45360540,
   -21822368,
   -138489248,
   1745135872,
   744300224,
   -300205952,
   128191504,
   -41439924,
   6006153,
   2443084,
   -863524,
   -5068,
   -156733,
   -1409710,
   11300282,
   -29210726,
   43706580,
   -17967266,
   -146212704,
   1737036928,
   759727104,
   -302700128,
   128231200,
   -41025512,
   5717856,
   2545655,
   -877525,
   -5424,
   -151803,
   -1420306,
   11213615,
   -28682176,
   42056016,
   -14148314,
   -153776688,
   1728738048,
   775173056,
   -305109216,
   128222976,
   -40590280,
   5422901,
   2649489,
   -891570,
   -5797,
   -146991,
   -1430055,
   11124445,
   -28150414,
   40409436,
   -10366532,
   -161180832,
   1720241024,
   790634880,
   -307431296,
   128166288,
   -40134116,
   5121302,
   2754569,
   -905649,
   -6192,
   -142292,
   -1438973,
   11032854,
   -27615692,
   38767424,
   -6622913,
   -168424880,
   1711548032,
   806109568,
   -309664544,
   128060600,
   -39656936,
   4813071,
   2860877,
   -919760,
   -6605,
   -137709,
   -1447076,
   10938920,
   -27078256,
   37130560,
   -2918426,
   -175508560,
   1702661248,
   821593792,
   -311807040,
   127905400,
   -39158648,
   4498228,
   2968393,
   -933895,
   -7040,
   -133235,
   -1454382,
   10842725,
   -26538356,
   35499400,
   745983,
   -182431696,
   1693582720,
   837084416,
   -313856992,
   127700176,
   -38639180,
   4176792,
   3077099,
   -948048,
   -7497,
   -128874,
   -1460906,
   10744345,
   -25996240,
   33874508,
   4369395,
   -189194112,
   1684314496,
   852578304,
   -315812544,
   127444440,
   -38098456,
   3848787,
   3186973,
   -962212,
   -7976,
   -124620,
   -1466665,
   10643861,
   -25452146,
   32256432,
   7950916,
   -195795728,
   1674858880,
   868072128,
   -317671840,
   127137712,
   -37536412,
   3514241,
   3297994,
   -976382,
   -8479,
   -120474,
   -1471675,
   10541348,
   -24906316,
   30645708,
   11489676,
   -202236448,
   1665218176,
   883562688,
   -319433120,
   126779520,
   -36952996,
   3173183,
   3410139,
   -990548,
   -9006,
   -116432,
   -1475953,
   10436887,
   -24358988,
   29042868,
   14984831,
   -208516272,
   1655394688,
   899046720,
   -321094496,
   126369432,
   -36348160,
   2825646,
   3523386,
   -1004706,
   -9558,
   -112495,
   -1479515,
   10330552,
   -23810396,
   27448432,
   18435562,
   -214635232,
   1645390720,
   914521024,
   -322654240,
   125906992,
   -35721864,
   2471669,
   3637707,
   -1018847,
   -10137,
   -108660,
   -1482377,
   10222421,
   -23260770,
   25862908,
   21841076,
   -220593376,
   1635208576,
   929982272,
   -324110592,
   125391800,
   -35074072,
   2111288,
   3753080,
   -1032964,
   -10742,
   -104925,
   -1484555,
   10112568,
   -22710340,
   24286802,
   25200602,
   -226390816,
   1624850816,
   945427200,
   -325461728,
   124823440,
   -34404772,
   1744549,
   3869476,
   -1047049,
   -11376,
   -101289,
   -1486067,
   10001070,
   -22159332,
   22720600,
   28513400,
   -232027728,
   1614319744,
   960852608,
   -326705920,
   124201536,
   -33713940,
   1371498,
   3986870,
   -1061096,
   -12038,
   -97751,
   -1486926,
   9888001,
   -21607972,
   21164788,
   31778752,
   -237504304,
   1603618048,
   976255040,
   -327841472,
   123525696,
   -33001572,
   992184,
   4105231,
   -1075093,
   -12731,
   -94307,
   -1487151,
   9773435,
   -21056474,
   19619836,
   34995964,
   -242820768,
   1592748032,
   991631360,
   -328866656,
   122795592,
   -32267672,
   606661,
   4224531,
   -1089036,
   -13454,
   -90959,
   -1486755,
   9657444,
   -20505058,
   18086208,
   38164368,
   -247977440,
   1581712512,
   1006978176,
   -329779776,
   122010864,
   -31512252,
   214986,
   4344738,
   -1102914,
   -14209,
   -87701,
   -1485757,
   9540102,
   -19953940,
   16564351,
   41283328,
   -252974608,
   1570513792,
   1022292224,
   -330579136,
   121171200,
   -30735328,
   -182783,
   4465823,
   -1116720,
   -14997,
   -84535,
   -1484170,
   9421479,
   -19403326,
   15054712,
   44352224,
   -257812672,
   1559154816,
   1037570240,
   -331263072,
   120276304,
   -29936934,
   -586580,
   4587751,
   -1130443,
   -15818,
   -81457,
   -1482012,
   9301648,
   -18853426,
   13557721,
   47370464,
   -262492016,
   1547638016,
   1052808768,
   -331829984,
   119325880,
   -29117104,
   -996339,
   4710490,
   -1144076,
   -16675,
   -78467,
   -1479296,
   9180678,
   -18304444,
   12073799,
   50337480,
   -267013120,
   1535966336,
   1068004608,
   -332278240,
   118319664,
   -28275888,
   -1411988,
   4834005,
   -1157608,
   -17568,
   -75562,
   -1476040,
   9058639,
   -17756580,
   10603359,
   53252740,
   -271376448,
   1524142336,
   1083154432,
   -332606240,
   117257408,
   -27413340,
   -1833455,
   4958261,
   -1171031,
   -18497,
   -72742,
   -1472257,
   8935599,
   -17210034,
   9146801,
   56115720,
   -275582528,
   1512168832,
   1098254848,
   -332812384,
   116138880,
   -26529528,
   -2260660,
   5083219,
   -1184334,
   -19466,
   -70003,
   -1467964,
   8811626,
   -16664997,
   7704517,
   58925936,
   -279631968,
   1500048640,
   1113302656,
   -332895168,
   114963872,
   -25624526,
   -2693524,
   5208845,
   -1197510,
   -20473,
   -67346,
   -1463175,
   8686787,
   -16121660,
   6276887,
   61682920,
   -283525376,
   1487784576,
   1128294528,
   -332853024,
   113732192,
   -24698416,
   -3131960,
   5335097,
   -1210545,
   -21522,
   -64767,
   -1457906,
   8561150,
   -15580212,
   4864282,
   64386228,
   -287263360,
   1475379584,
   1143227008,
   -332684448,
   112443672,
   -23751296,
   -3575881,
   5461938,
   -1223431,
   -22612,
   -62267,
   -1452171,
   8434777,
   -15040835,
   3467060,
   67035448,
   -290846624,
   1462836352,
   1158097024,
   -332387936,
   111098152,
   -22783270,
   -4025193,
   5589325,
   -1236158,
   -23745,
   -59841,
   -1445985,
   8307736,
   -14503711,
   2085572,
   69630192,
   -294275936,
   1450158080,
   1172901120,
   -331962080,
   109695496,
   -21794448,
   -4479801,
   5717218,
   -1248714,
   -24922,
   -57491,
   -1439361,
   8180087,
   -13969015,
   720156,
   72170088,
   -297552000,
   1437347456,
   1187636096,
   -331405408,
   108235608,
   -20784954,
   -4939605,
   5845573,
   -1261089,
   -26146,
   -55212,
   -1432316,
   8051896,
   -13436921,
   -628858,
   74654800,
   -300675680,
   1424407552,
   1202298496,
   -330716544,
   106718384,
   -19754922,
   -5404503,
   5974346,
   -1273272,
   -27416,
   -53006,
   -1424862,
   7923222,
   -12907598,
   -1961153,
   77084000,
   -303647744,
   1411341440,
   1216885248,
   -329894080,
   105143752,
   -18704496,
   -5874387,
   6103493,
   -1285251,
   -28734,
   -50868,
   -1417015,
   7794127,
   -12381213,
   -3276421,
   79457408,
   -306469152,
   1398152064,
   1231393024,
   -328936672,
   103511672,
   -17633826,
   -6349147,
   6232969,
   -1297015,
   -30101,
   -48799,
   -1408788,
   7664671,
   -11857928,
   -4574366,
   81774744,
   -309140736,
   1384842496,
   1245818624,
   -327842976,
   101822112,
   -16543077,
   -6828667,
   6362724,
   -1308553,
   -31520,
   -46796,
   -1400194,
   7534913,
   -11337901,
   -5854699,
   84035768,
   -311663488,
   1371415808,
   1260158592,
   -326611744,
   100075072,
   -15432422,
   -7312831,
   6492713,
   -1319853,
   -32990,
   -44859,
   -1391247,
   7404910,
   -10821288,
   -7117146,
   86240264,
   -314038368,
   1357874944,
   1274409856,
   -325241664,
   98270552,
   -14302045,
   -7801516,
   6622885,
   -1330902,
   -34514,
   -42984,
   -1381962,
   7274720,
   -10308240,
   -8361440,
   88388024,
   -316266400,
   1344223104,
   1288569216,
   -323731488,
   96408608,
   -13152137,
   -8294597,
   6753192,
   -1341689,
   -36092,
   -41172,
   -1372350,
   7144398,
   -9798905,
   -9587326,
   90478880,
   -318348640,
   1330463616,
   1302633472,
   -322080032,
   94489288,
   -11982904,
   -8791945,
   6883581,
   -1352201,
   -37728,
   -39420,
   -1362426,
   7014001,
   -9293426,
   -10794559,
   92512672,
   -320286144,
   1316599296,
   1316599296,
   -320286144,
   92512672,
   -10794559,
   -9293426,
   7014001,
   -1362426,
   -39420,
   -37728,
   -1352201,
   6883581,
   -8791945,
   -11982904,
   94489288,
   -322080032,
   1302633472,
   1330463616,
   -318348640,
   90478880,
   -9587326,
   -9798905,
   7144398,
   -1372350,
   -41172,
   -36092,
   -1341689,
   6753192,
   -8294597,
   -13152137,
   96408608,
   -323731488,
   1288569216,
   1344223104,
   -316266400,
   88388024,
   -8361440,
   -10308240,
   7274720,
   -1381962,
   -42984,
   -34514,
   -1330902,
   6622885,
   -7801516,
   -14302045,
   98270552,
   -325241664,
   1274409856,
   1357874944,
   -314038368,
   86240264,
   -7117146,
   -10821288,
   7404910,
   -1391247,
   -44859,
   -32990,
   -1319853,
   6492713,
   -7312831,
   -15432422,
   100075072,
   -326611744,
   1260158592,
   1371415808,
   -311663488,
   84035768,
   -5854699,
   -11337901,
   7534913,
   -1400194,
   -46796,
   -31520,
   -1308553,
   6362724,
   -6828667,
   -16543077,
   101822112,
   -327842976,
   1245818624,
   1384842496,
   -309140736,
   81774744,
   -4574366,
   -11857928,
   7664671,
   -1408788,
   -48799,
   -30101,
   -1297015,
   6232969,
   -6349147,
   -17633826,
   103511672,
   -328936672,
   1231393024,
   1398152064,
   -306469152,
   79457408,
   -3276421,
   -12381213,
   7794127,
   -1417015,
   -50868,
   -28734,
   -1285251,
   6103493,
   -5874387,
   -18704496,
   105143752,
   -329894080,
   1216885248,
   1411341440,
   -303647744,
   77084000,
   -1961153,
   -12907598,
   7923222,
   -1424862,
   -53006,
   -27416,
   -1273272,
   5974346,
   -5404503,
   -19754922,
   106718384,
   -330716544,
   1202298496,
   1424407552,
   -300675680,
   74654800,
   -628858,
   -13436921,
   8051896,
   -1432316,
   -55212,
   -26146,
   -1261089,
   5845573,
   -4939605,
   -20784954,
   108235608,
   -331405408,
   1187636096,
   1437347456,
   -297552000,
   72170088,
   720156,
   -13969015,
   8180087,
   -1439361,
   -57491,
   -24922,
   -1248714,
   5717218,
   -4479801,
   -21794448,
   109695496,
   -331962080,
   1172901120,
   1450158080,
   -294275936,
   69630192,
   2085572,
   -14503711,
   8307736,
   -1445985,
   -59841,
   -23745,
   -1236158,
   5589325,
   -4025193,
   -22783270,
   111098152,
   -332387936,
   1158097024,
   1462836352,
   -290846624,
   67035448,
   3467060,
   -15040835,
   8434777,
   -1452171,
   -62267,
   -22612,
   -1223431,
   5461938,
   -3575881,
   -23751296,
   112443672,
   -332684448,
   1143227008,
   1475379584,
   -287263360,
   64386228,
   4864282,
   -15580212,
   8561150,
   -1457906,
   -64767,
   -21522,
   -1210545,
   5335097,
   -3131960,
   -24698416,
   113732192,
   -332853024,
   1128294528,
   1487784576,
   -283525376,
   61682920,
   6276887,
   -16121660,
   8686787,
   -1463175,
   -67346,
   -20473,
   -1197510,
   5208845,
   -2693524,
   -25624526,
   114963872,
   -332895168,
   1113302656,
   1500048640,
   -279631968,
   58925936,
   7704517,
   -16664997,
   8811626,
   -1467964,
   -70003,
   -19466,
   -1184334,
   5083219,
   -2260660,
   -26529528,
   116138880,
   -332812384,
   1098254848,
   1512168832,
   -275582528,
   56115720,
   9146801,
   -17210034,
   8935599,
   -1472257,
   -72742,
   -18497,
   -1171031,
   4958261,
   -1833455,
   -27413340,
   117257408,
   -332606240,
   1083154432,
   1524142336,
   -271376448,
   53252740,
   10603359,
   -17756580,
   9058639,
   -1476040,
   -75562,
   -17568,
   -1157608,
   4834005,
   -1411988,
   -28275888,
   118319664,
   -332278240,
   1068004608,
   1535966336,
   -267013120,
   50337480,
   12073799,
   -18304444,
   9180678,
   -1479296,
   -78467,
   -16675,
   -1144076,
   4710490,
   -996339,
   -29117104,
   119325880,
   -331829984,
   1052808768,
   1547638016,
   -262492016,
   47370464,
   13557721,
   -18853426,
   9301648,
   -1482012,
   -81457,
   -15818,
   -1130443,
   4587751,
   -586580,
   -29936934,
   120276304,
   -331263072,
   1037570240,
   1559154816,
   -257812672,
   44352224,
   15054712,
   -19403326,
   9421479,
   -1484170,
   -84535,
   -14997,
   -1116720,
   4465823,
   -182783,
   -30735328,
   121171200,
   -330579136,
   1022292224,
   1570513792,
   -252974608,
   41283328,
   16564351,
   -19953940,
   9540102,
   -1485757,
   -87701,
   -14209,
   -1102914,
   4344738,
   214986,
   -31512252,
   122010864,
   -329779776,
   1006978176,
   1581712512,
   -247977440,
   38164368,
   18086208,
   -20505058,
   9657444,
   -1486755,
   -90959,
   -13454,
   -1089036,
   4224531,
   606661,
   -32267672,
   122795592,
   -328866656,
   991631360,
   1592748032,
   -242820768,
   34995964,
   19619836,
   -21056474,
   9773435,
   -1487151,
   -94307,
   -12731,
   -1075093,
   4105231,
   992184,
   -33001572,
   123525696,
   -327841472,
   976255040,
   1603618048,
   -237504304,
   31778752,
   21164788,
   -21607972,
   9888001,
   -1486926,
   -97751,
   -12038,
   -1061096,
   3986870,
   1371498,
   -33713940,
   124201536,
   -326705920,
   960852608,
   1614319744,
   -232027728,
   28513400,
   22720600,
   -22159332,
   10001070,
   -1486067,
   -101289,
   -11376,
   -1047049,
   3869476,
   1744549,
   -34404772,
   124823440,
   -325461728,
   945427200,
   1624850816,
   -226390816,
   25200602,
   24286802,
   -22710340,
   10112568,
   -1484555,
   -104925,
   -10742,
   -1032964,
   3753080,
   2111288,
   -35074072,
   125391800,
   -324110592,
   929982272,
   1635208576,
   -220593376,
   21841076,
   25862908,
   -23260770,
   10222421,
   -1482377,
   -108660,
   -10137,
   -1018847,
   3637707,
   2471669,
   -35721864,
   125906992,
   -322654240,
   914521024,
   1645390720,
   -214635232,
   18435562,
   27448432,
   -23810396,
   10330552,
   -1479515,
   -112495,
   -9558,
   -1004706,
   3523386,
   2825646,
   -36348160,
   126369432,
   -321094496,
   899046720,
   1655394688,
   -208516272,
   14984831,
   29042868,
   -24358988,
   10436887,
   -1475953,
   -116432,
   -9006,
   -990548,
   3410139,
   3173183,
   -36952996,
   126779520,
   -319433120,
   883562688,
   1665218176,
   -202236448,
   11489676,
   30645708,
   -24906316,
   10541348,
   -1471675,
   -120474,
   -8479,
   -976382,
   3297994,
   3514241,
   -37536412,
   127137712,
   -317671840,
   868072128,
   1674858880,
   -195795728,
   7950916,
   32256432,
   -25452146,
   10643861,
   -1466665,
   -124620,
   -7976,
   -962212,
   3186973,
   3848787,
   -38098456,
   127444440,
   -315812544,
   852578304,
   1684314496,
   -189194112,
   4369395,
   33874508,
   -25996240,
   10744345,
   -1460906,
   -128874,
   -7497,
   -948048,
   3077099,
   4176792,
   -38639180,
   127700176,
   -313856992,
   837084416,
   1693582720,
   -182431696,
   745983,
   35499400,
   -26538356,
   10842725,
   -1454382,
   -133235,
   -7040,
   -933895,
   2968393,
   4498228,
   -39158648,
   127905400,
   -311807040,
   821593792,
   1702661248,
   -175508560,
   -2918426,
   37130560,
   -27078256,
   10938920,
   -1447076,
   -137709,
   -6605,
   -919760,
   2860877,
   4813071,
   -39656936,
   128060600,
   -309664544,
   806109568,
   1711548032,
   -168424880,
   -6622913,
   38767424,
   -27615692,
   11032854,
   -1438973,
   -142292,
   -6192,
   -905649,
   2754569,
   5121302,
   -40134116,
   128166288,
   -307431296,
   790634880,
   1720241024,
   -161180832,
   -10366532,
   40409436,
   -28150414,
   11124445,
   -1430055,
   -146991,
   -5797,
   -891570,
   2649489,
   5422901,
   -40590280,
   128222976,
   -305109216,
   775173056,
   1728738048,
   -153776688,
   -14148314,
   42056016,
   -28682176,
   11213615,
   -1420306,
   -151803,
   -5424,
   -877525,
   2545655,
   5717856,
   -41025512,
   128231200,
   -302700128,
   759727104,
   1737036928,
   -146212704,
   -17967266,
   43706580,
   -29210726,
   11300282,
   -1409710,
   -156733,
   -5068,
   -863524,
   2443084,
   6006153,
   -41439924,
   128191504,
   -300205952,
   744300224,
   1745135872,
   -138489248,
   -21822368,
   45360540,
   -29735808,
   11384368,
   -1398251,
   -161781,
   -4731,
   -849570,
   2341792,
   6287785,
   -41833616,
   128104440,
   -297628576,
   728895616,
   1753032960,
   -130606696,
   -25712574,
   47017288,
   -30257164,
   11465790,
   -1385911,
   -166949,
   -4411,
   -835670,
   2241794,
   6562745,
   -42206704,
   127970592,
   -294969856,
   713516288,
   1760726144,
   -122565456,
   -29636820,
   48676224,
   -30774536,
   11544469,
   -1372675,
   -172237,
   -4108,
   -821827,
   2143105,
   6831032,
   -42559308,
   127790520,
   -292231744,
   698165440,
   1768213632,
   -114366024,
   -33594012,
   50336728,
   -31287664,
   11620322,
   -1358527,
   -177648,
   -3821,
   -808048,
   2045737,
   7092643,
   -42891556,
   127564840,
   -289416096,
   682846016,
   1775493632,
   -106008912,
   -37583032,
   51998172,
   -31796284,
   11693269,
   -1343449,
   -183183,
   -3550,
   -794337,
   1949705,
   7347583,
   -43203584,
   127294136,
   -286524864,
   667561152,
   1782564352,
   -97494680,
   -41602744,
   53659928,
   -32300134,
   11763227,
   -1327427,
   -188844,
   -3294,
   -780700,
   1855019,
   7595857,
   -43495536,
   126979024,
   -283559968,
   652313856,
   1789424128,
   -88823952,
   -45651980,
   55321352,
   -32798946,
   11830114,
   -1310443,
   -194631,
   -3051,
   -767140,
   1761690,
   7837473,
   -43767552,
   126620136,
   -280523296,
   637107072,
   1796071296,
   -79997376,
   -49729552,
   56981800,
   -33292452,
   11893849,
   -1292482,
   -200547,
   -2823,
   -753662,
   1669729,
   8072441,
   -44019788,
   126218096,
   -277416800,
   621943872,
   1802504192,
   -71015672,
   -53834256,
   58640612,
   -33780380,
   11954351,
   -1273528,
   -206592,
   -2607,
   -740270,
   1579144,
   8300775,
   -44252400,
   125773552,
   -274242400,
   606827200,
   1808721408,
   -61879584,
   -57964844,
   60297132,
   -34262464,
   12011535,
   -1253564,
   -212768,
   -2401,
   -726969,
   1489946,
   8522491,
   -44465560,
   125287152,
   -271002048,
   591760000,
   1814721280,
   -52589916,
   -62120068,
   61950688,
   -34738428,
   12065321,
   -1232576,
   -219076,
   -2215,
   -713761,
   1402140,
   8737607,
   -44659432,
   124759568,
   -267697632,
   576745088,
   1820502528,
   -43147512,
   -66298648,
   63600604,
   -35208000,
   12115627,
   -1210547,
   -225518,
   -2031,
   -700651,
   1315734,
   8946145,
   -44834196,
   124191456,
   -264331136,
   561785408,
   1826063616,
   -33553268,
   -70499272,
   65246200,
   -35670904,
   12162371,
   -1187463,
   -232093,
   -1862,
   -687642,
   1230734,
   9148127,
   -44990028,
   123583496,
   -260904464,
   546883776,
   1831403136,
   -23808120,
   -74720632,
   66886784,
   -36126864,
   12205469,
   -1163307,
   -238806,
   -1701,
   -674739,
   1147147,
   9343578,
   -45127120,
   122936376,
   -257419552,
   532043104,
   1836519936,
   -13913055,
   -78961360,
   68521664,
   -36575604,
   12244843,
   -1138066,
   -245654,
   -1555,
   -661943,
   1064975,
   9532528,
   -45245664,
   122250784,
   -253878336,
   517266112,
   1841412864,
   -3869108,
   -83220096,
   70150136,
   -37016844,
   12280408,
   -1111722,
   -252640,
   -1415,
   -649259,
   984224,
   9715006,
   -45345852,
   121527424,
   -250282752,
   502555584,
   1846080384,
   6322644,
   -87495456,
   71771504,
   -37450308,
   12312085,
   -1084262,
   -259765,
   -1287,
   -636688,
   904896,
   9891045,
   -45427888,
   120767000,
   -246634736,
   487914240,
   1850521728,
   16661075,
   -91786016,
   73385040,
   -37875712,
   12339791,
   -1055671,
   -267030,
   -1164,
   -624235,
   826994,
   10060679,
   -45491976,
   119970224,
   -242936192,
   473344832,
   1854735616,
   27145012,
   -96090352,
   74990048,
   -38292784,
   12363448,
   -1025936,
   -274435,
   -1051,
   -611900,
   750520,
   10223945,
   -45538332,
   119137808,
   -239189056,
   458850016,
   1858721152,
   37773236,
   -100407008,
   76585784,
   -38701240,
   12382973,
   -995040,
   -281983,
   -944,
   -599689,
   675475,
   10380882,
   -45567168,
   118270496,
   -235395248,
   444432416,
   1862477184,
   48544488,
   -104734504,
   78171536,
   -39100796,
   12398288,
   -962971,
   -289672,
   -848,
   -587601,
   601860,
   10531531,
   -45578704,
   117368992,
   -231556672,
   430094656,
   1866003072,
   59457448,
   -109071352,
   79746560,
   -39491172,
   12409311,
   -929714,
   -297505,
   -756,
   -575640,
   529674,
   10675933,
   -45573160,
   116434048,
   -227675248,
   415839328,
   1869297664,
   70510768,
   -113416032,
   81310136,
   -39872092,
   12415966,
   -895256,
   -305481,
   -3122,
   -563808,
   458916,
   10814136,
   -45550764,
   115466400,
   -223752880,
   401668960,
   1872360320,
   81703048,
   -117767016,
   82861512,
   -40243272,
   12418172,
   -859584,
   -313602,
    0,
   -552107,
   389586,
   10946183,
   -45511752,
   114466776,
   -219791456,
   387586048,
   1875190272,
   93032840,
   -122122752,
   84399952,
   -40604432,
   12415853,
   -822685,
   -321868,
    0,
   -540538,
   321680,
   11072125,
   -45456356,
   113435944,
   -215792848,
   373593088,
   1877786752,
   104498640,
   -126481664,
   85924704,
   -40955288,
   12408930,
   -784545,
   -330279,
    0,
   -529104,
   255197,
   11192012,
   -45384812,
   112374640,
   -211758976,
   359692512,
   1880149248,
   116098928,
   -130842168,
   87435016,
   -41295564,
   12397327,
   -745154,
   -338836,
    0,
   -517806,
   190133,
   11305894,
   -45297368,
   111283632,
   -207691696,
   345886720,
   1882277120,
   127832112,
   -135202656,
   88930136,
   -41624976,
   12380968,
   -704497,
   -347540,
    0,
   -506645,
   126485,
   11413827,
   -45194260,
   110163664,
   -203592880,
   332178080,
   1884169984,
   139696576,
   -139561504,
   90409312,
   -41943252,
   12359778,
   -662565,
   -356389,
    0,
   -495623,
   64248,
   11515865,
   -45075740,
   109015496,
   -199464368,
   318568928,
   1885827072,
   151690640,
   -143917056,
   91871784,
   -42250108,
   12333681,
   -619344,
   -365386,
    0,
   -484741,
   3417,
   11612064,
   -44942064,
   107839896,
   -195308016,
   305061536,
   1887248384,
   163812592,
   -148267664,
   93316784,
   -42545268,
   12302606,
   -574825,
   -374529,
    0,
   -474000,
   -56014,
   11702484,
   -44793480,
   106637624,
   -191125664,
   291658144,
   1888433152,
   176060672,
   -152611648,
   94743552,
   -42828456,
   12266478,
   -528996,
   -383819,
    0,
   -463402,
   -114049,
   11787183,
   -44630240,
   105409448,
   -186919136,
   278361024,
   1889381376,
   188433088,
   -156947328,
   96151336,
   -43099400,
   12225227,
   -481847,
   -393256,
    0,
   -452946,
   -170696,
   11866224,
   -44452616,
   104156128,
   -182690240,
   265172272,
   1890092800,
   200927984,
   -161272992,
   97539344,
   -43357816,
   12178780,
   -433367,
   -402840,
    0,
   -442635,
   -225962,
   11939668,
   -44260856,
   102878440,
   -178440784,
   252094080,
   1890567168,
   213543488,
   -165586912,
   98906832,
   -43603444,
   12127070,
   -383548,
   -412569,
    0,
   -432467,
   -279854,
   12007581,
   -44055232,
   101577152,
   -174172560,
   239128528,
   1890804352,
   226277648,
   -169887344,
   100253024,
   -43836004,
   12070025,
   -332380,
   -422446
   

