-541184,
9130093,
108715360,
267320448,
278889536,
109609264,
8990889,
-550801,
1050529,
-42957848,
-194597920,
1843622528,
-198178832,
-42958608,
1115990,
-5108,
-531641,
9264542,
107798136,
255836992,
290542720,
110479304,
8846903,
-560491,
986106,
-42944212,
-190995120,
1843436672,
-201736592,
-42946336,
1182486,
-1057,
-522175,
9394264,
106858096,
244440640,
302278496,
111324968,
8698109,
-570251,
922722,
-42917856,
-187371760,
1843064960,
-205269904,
-42920876,
1250015,
-1168,
-512788,
9519286,
105895784,
233132864,
314095296,
112145728,
8544485,
-580079,
860378,
-42878948,
-183729088,
1842507520,
-208777456,
-42882072,
1318575,
-1283,
-503480,
9639641,
104911712,
221915104,
325991520,
112941088,
8386006,
-589974,
799076,
-42827648,
-180068400,
1841764480,
-212257936,
-42829780,
1388162,
-1409,
-494255,
9755358,
103906424,
210788736,
337965568,
113710512,
8222652,
-599930,
738814,
-42764120,
-176390944,
1840835968,
-215710016,
-42763848,
1458772,
-1540,
-485113,
9866471,
102880448,
199755184,
350015776,
114453504,
8054403,
-609949,
679595,
-42688540,
-172697968,
1839721984,
-219132400,
-42684132,
1530401,
-1682,
-476057,
9973012,
101834312,
188815792,
362140544,
115169544,
7881241,
-620025,
621415,
-42601072,
-168990752,
1838423040,
-222523760,
-42590496,
1603045,
-1828,
-467086,
10075017,
100768544,
177971872,
374338176,
115858136,
7703146,
-630157,
564277,
-42501888,
-165270512,
1836939264,
-225882752,
-42482792,
1676698,
-1985,
-458205,
10172520,
99683696,
167224752,
386606944,
116518776,
7520106,
-640341,
508176,
-42391160,
-161538496,
1835270912,
-229208048,
-42360888,
1751355,
-2148,
-449412,
10265560,
98580280,
156575696,
398945120,
117150960,
7332104,
-650575,
453114,
-42269068,
-157795920,
1833418240,
-232498320,
-42224656,
1827009,
-2327,
-440711,
10354172,
97458848,
146025936,
411351008,
117754208,
7139129,
-660855,
399086,
-42135788,
-154044000,
1831381888,
-235752208,
-42073960,
1903655,
-2514,
-432101,
10438396,
96319928,
135576720,
423822752,
118328016,
6941168,
-671179,
346092,
-41991496,
-150283952,
1829161856,
-238968400,
-41908676,
1981285,
-2715,
-423584,
10518271,
95164048,
125229240,
436358656,
118871904,
6738212,
-681543,
294128,
-41836372,
-146516960,
1826759040,
-242145520,
-41728680,
2059891,
-2915,
-415161,
10593839,
93991744,
114984648,
448956832,
119385384,
6530254,
-691944,
243192,
-41670600,
-142744208,
1824173440,
-245282240,
-41533856,
2139466,
-3135,
-406833,
10665138,
92803560,
104844088,
461615488,
119867992,
6317286,
-702378,
193280,
-41494360,
-138966880,
1821405952,
-248377200,
-41324080,
2220001,
-3371,
-398600,
10732213,
91600024,
94808672,
474332768,
120319240,
6099304,
-712843,
144389,
-41307832,
-135186128,
1818456960,
-251429040,
-41099244,
2301486,
-3610,
-390465,
10795105,
90381664,
84879472,
487106752,
120738672,
5876304,
-723333,
96515,
-41111212,
-131403144,
1815326976,
-254436432,
-40859240,
2383913,
-3868,
-382426,
10853859,
89149008,
75057560,
499935616,
121125824,
5648285,
-733847,
49654,
-40904672,
-127619040,
1812016640,
-257398000,
-40603956,
2467270,
-4135,
-374486,
10908519,
87902600,
65343952,
512817376,
121480240,
5415248,
-744378,
3801,
-40688408,
-123834960,
1808526720,
-260312400,
-40333296,
2551548,
-4417,
-366644,
10959129,
86642960,
55739644,
525750144,
121801464,
5177193,
-754924,
-41048,
-40462608,
-120052032,
1804857728,
-263178272,
-40047164,
2636735,
-4712,
-358902,
11005737,
85370616,
46245608,
538731968,
122089056,
4934124,
-765481,
-84900,
-40227456,
-116271368,
1801010560,
-265994256,
-39745460,
2722819,
-5023,
-351259,
11048388,
84086096,
36862776,
551760896,
122342576,
4686047,
-776044,
-127757,
-39983140,
-112494064,
1796985728,
-268759008,
-39428096,
2809788,
-5349,
-343716,
11087130,
82789928,
27592068,
564834816,
122561584,
4432970,
-786609,
-169628,
-39729856,
-108721208,
1792784256,
-271471168,
-39094988,
2897630,
-5691,
-336273,
11122010,
81482632,
18434360,
577951872,
122745664,
4174900,
-797171,
-210517,
-39467792,
-104953880,
1788406912,
-274129408,
-38746048,
2986329,
-6048,
-328932,
11153077,
80164720,
9390506,
591110016,
122894384,
3911849,
-807726,
-250430,
-39197136,
-101193144,
1783854464,
-276732352,
-38381208,
3075874,
-6421,
-321691,
11180381,
78836728,
461329,
604307136,
123007336,
3643829,
-818270,
-289374,
-38918084,
-97440056,
1779127808,
-279278624,
-38000388,
3166248,
-6813,
-314552,
11203969,
77499160,
-8352376,
617541248,
123084120,
3370856,
-828797,
-327356,
-38630828,
-93695648,
1774227968,
-281766944,
-37603520,
3257438,
-7224,
-307514,
11223894,
76152536,
-17049844,
630810240,
123124320,
3092944,
-839304,
-364381,
-38335556,
-89960952,
1769155840,
-284195904,
-37190536,
3349426,
-7650,
-300578,
11240204,
74797368,
-25630340,
644112000,
123127560,
2810114,
-849783,
-400459,
-38032464,
-86236984,
1763912448,
-286564224,
-36761384,
3442197,
-8098,
-293742,
11252952,
73434160,
-34093152,
657444544,
123093448,
2522385,
-860231,
-435594,
-37721744,
-82524744,
1758498688,
-288870528,
-36316004,
3535733,
-8564,
-287009,
11262188,
72063416,
-42437612,
670805632,
123021608,
2229780,
-870642,
-469796,
-37403592,
-78825216,
1752915712,
-291113472,
-35854344,
3630019,
-9050,
-280376,
11267965,
70685648,
-50663068,
684193152,
122911672,
1932322,
-881011,
-503071,
-37078192,
-75139384,
1747164544,
-293291744,
-35376360,
3725034,
-9558,
-273845,
11270335,
69301352,
-58768900,
697604992,
122763272,
1630039,
-891333,
-535428,
-36745748,
-71468200,
1741246464,
-295404032,
-34882012,
3820761,
-10087,
-267415,
11269350,
67911024,
-66754520,
711038976,
122576064,
1322957,
-901601,
-566874,
-36406444,
-67812616,
1735162368,
-297449024,
-34371256,
3917180,
-10638,
-261087,
11265063,
66515156,
-74619368,
724492928,
122349704,
1011109,
-911810,
-597419,
-36060480,
-64173560,
1728913664,
-299425344,
-33844072,
4014271,
-11212,
-254858,
11257529,
65114240,
-82362912,
737964736,
122083856,
694526,
-921955,
-627070,
-35708040,
-60551960,
1722501504,
-301331744,
-33300426,
4112014,
-11809,
-248731,
11246800,
63708764,
-89984656,
751452096,
121778192,
373242,
-932029,
-655836,
-35349324,
-56948716,
1715927040,
-303166880,
-32740298,
4210388,
-12430,
-242703,
11232930,
62299208,
-97484120,
764952896,
121432384,
47294,
-942027,
-683724,
-34984520,
-53364720,
1709191552,
-304929504,
-32163672,
4309369,
-13077,
-236776,
11215974,
60886052,
-104860872,
778464832,
121046144,
-283278,
-951941,
-710747,
-34613824,
-49800852,
1702296576,
-306618272,
-31570538,
4408938,
-13749,
-230947,
11195986,
59469772,
-112114488,
791985792,
120619152,
-618435,
-961766,
-736910,
-34237416,
-46257968,
1695243136,
-308231936,
-30960888,
4509070,
-14448,
-225218,
11173019,
58050836,
-119244592,
805513408,
120151136,
-958133,
-971495,
-762224,
-33855500,
-42736924,
1688032768,
-309769216,
-30334724,
4609742,
-15173,
-219586,
11147131,
56629712,
-126250832,
819045504,
119641808,
-1302328,
-981123,
-786698,
-33468260,
-39238548,
1680666752,
-311228864,
-29692048,
4710929,
-15927,
-214054,
11118373,
55206868,
-133132880,
832579840,
119090904,
-1650972,
-990640,
-810343,
-33075884,
-35763660,
1673146624,
-312609568,
-29032872,
4812607,
-16708,
-208618,
11086804,
53782756,
-139890432,
846114112,
118498160,
-2004016,
-1000043,
-833165,
-32678560,
-32313060,
1665473792,
-313910112,
-28357212,
4914750,
-17521,
-203280,
11052476,
52357828,
-146523232,
859646080,
117863328,
-2361407,
-1009323,
-855178,
-32276480,
-28887540,
1657649792,
-315129248,
-27665090,
5017333,
-18362,
-198037,
11015446,
50932540,
-153031040,
873173440,
117186176,
-2723093,
-1018474,
-876388,
-31869828,
-25487872,
1649676032,
-316265728,
-26956532,
5120327,
-19236,
-192890,
10975768,
49507332,
-159413632,
886693888,
116466464,
-3089016,
-1027487,
-896808,
-31458792,
-22114812,
1641554048,
-317318368,
-26231568,
5223707,
-20140,
-187838,
10933499,
48082644,
-165670848,
900205248,
115703984,
-3459121,
-1036357,
-916445,
-31043556,
-18769106,
1633285504,
-318285952,
-25490242,
5327443,
-21078,
-182881,
10888693,
46658912,
-171802528,
913705024,
114898528,
-3833344,
-1045075,
-935312,
-30624308,
-15451480,
1624871808,
-319167232,
-24732594,
5431508,
-22049,
-178017,
10841406,
45236560,
-177808544,
927191104,
114049904,
-4211624,
-1053634,
-953417,
-30201224,
-12162645,
1616314752,
-319961056,
-23958676,
5535871,
-23055,
-173246,
10791693,
43816024,
-183688800,
940661056,
113157920,
-4593896,
-1062027,
-970772,
-29774494,
-8903298,
1607616000,
-320666272,
-23168542,
5640504,
-24094,
-168567,
10739609,
42397716,
-189443232,
954112640,
112222416,
-4980093,
-1070246,
-987386,
-29344296,
-5674119,
1598776960,
-321281632,
-22362256,
5745375,
-25171,
-163980,
10685211,
40982056,
-195071808,
967543488,
111243224,
-5370145,
-1078283,
-1003270,
-28910808,
-2475774,
1589799680,
-321806048,
-21539882,
5850455,
-26284,
-159482,
10628552,
39569444,
-200574512,
980951360,
110220200,
-5763980,
-1086130,
-1018434,
-28474212,
691088,
1580685568,
-322238368,
-20701496,
5955709,
-27435,
-155076,
10569689,
38160292,
-205951344,
994333824,
109153208,
-6161524,
-1093778,
-1032889,
-28034686,
3825832,
1571436416,
-322577440,
-19847180,
6061107,
-28624,
-150757,
10508676,
36755000,
-211202384,
1007688576,
108042120,
-6562702,
-1101221,
-1046646,
-27592404,
6927842,
1562054144,
-322822176,
-18977016,
6166615,
-29855,
-146527,
10445567,
35353952,
-216327680,
1021013376,
106886832,
-6967434,
-1108449,
-1059715,
-27147540,
9996514,
1552540416,
-322971456,
-18091100,
6272200,
-31124,
-142383,
10380419,
33957544,
-221327328,
1034305792,
105687240,
-7375640,
-1115455,
-1072106,
-26700272,
13031263,
1542897024,
-323024192,
-17189524,
6377827,
-32436,
-138326,
10313284,
32566152,
-226201472,
1047563584,
104443264,
-7787237,
-1122229,
-1083832,
-26250770,
16031518,
1533125888,
-322979296,
-16272397,
6483462,
-33789,
-134353,
10244219,
31180154,
-230950272,
1060784384,
103154816,
-8202138,
-1128764,
-1094901,
-25799204,
18996724,
1523228800,
-322835744,
-15339829,
6589069,
-35187,
-130466,
10173276,
29799922,
-235573872,
1073965824,
101821856,
-8620257,
-1135049,
-1105325,
-25345744,
21926344,
1513207680,
-322592448,
-14391935,
6694612,
-36628,
-126661,
10100510,
28425820,
-240072528,
1087105664,
100444320,
-9041503,
-1141078,
-1115115,
-24890556,
24819852,
1503064448,
-322248416,
-13428840,
6800054,
-38116,
-122940,
10025975,
27058204,
-244446432,
1100201472,
99022176,
-9465784,
-1146839,
-1124282,
-24433808,
27676744,
1492800896,
-321802624,
-12450673,
6905359,
-39649,
-119299,
9949724,
25697432,
-248695872,
1113251072,
97555408,
-9893005,
-1152326,
-1132836,
-23975664,
30496526,
1482419072,
-321254048,
-11457568,
7010487,
-41230,
-115739,
9871809,
24343844,
-252821120,
1126252032,
96044016,
-10323070,
-1157528,
-1140789,
-23516288,
33278724,
1471920896,
-320601760,
-10449669,
7115401,
-42858,
-112258,
9792286,
22997784,
-256822480,
1139202048,
94487984,
-10755879,
-1162437,
-1148150,
-23055838,
36022884,
1461308288,
-319844736,
-9427125,
7220061,
-44537,
-108857,
9711204,
21659588,
-260700320,
1152098816,
92887360,
-11191332,
-1167043,
-1154932,
-22594476,
38728552,
1450583424,
-318982080,
-8390088,
7324429,
-46265,
-105531,
9628618,
20329584,
-264454992,
1164940032,
91242152,
-11629323,
-1171337,
-1161143,
-22132360,
41395312,
1439748096,
-318012832,
-7338723,
7428463,
-48045,
-102284,
9544579,
19008092,
-268086864,
1177723264,
89552432,
-12069748,
-1175309,
-1166797,
-21669644,
44022744,
1428804480,
-316936096,
-6273195,
7532123,
-49877,
-99110,
9459139,
17695428,
-271596384,
1190446464,
87818240,
-12512498,
-1178950,
-1171902,
-21206484,
46610460,
1417754496,
-315750976,
-5193679,
7635367,
-51763,
-96013,
9372349,
16391904,
-274983968,
1203107200,
86039664,
-12957463,
-1182249,
-1176472,
-20743028,
49158072,
1406600320,
-314456576,
-4100357,
7738155,
-53702,
-92987,
9284261,
15097822,
-278250080,
1215703168,
84216800,
-13404530,
-1185198,
-1180514,
-20279432,
51665220,
1395344128,
-313052096,
-2993415,
7840441,
-55698,
-90035,
9194923,
13813481,
-281395200,
1228232192,
82349744,
-13853583,
-1187787,
-1184041,
-19815842,
54131556,
1383987712,
-311536608,
-1873047,
7942186,
-57749,
-87153,
9104388,
12539170,
-284419840,
1240691840,
80438616,
-14304507,
-1190005,
-1187063,
-19352404,
56556744,
1372533504,
-309909376,
-739454,
8043343,
-59858,
-84342,
9012704,
11275174,
-287324576,
1253079936,
78483552,
-14757181,
-1191843,
-1189592,
-18889260,
58940472,
1360983424,
-308169600,
407159,
8143870,
-62025,
-81600,
8919921,
10021772,
-290109920,
1265394176,
76484704,
-15211485,
-1193291,
-1191636,
-18426558,
61282432,
1349339776,
-306316448,
1566577,
8243722,
-64253,
-78926,
8826088,
8779234,
-292776480,
1277632384,
74442232,
-15667293,
-1194337,
-1193208,
-17964436,
63582348,
1337604608,
-304349216,
2738580,
8342853,
-66540,
-76319,
8731254,
7547827,
-295324832,
1289792384,
72356320,
-16124481,
-1194974,
-1194317,
-17503032,
65839940,
1325780096,
-302267136,
3922943,
8441218,
-68890,
-73778,
8635465,
6327809,
-297755616,
1301871744,
70227160,
-16582921,
-1195190,
-1194974,
-17042482,
68054960,
1313868416,
-300069504,
5119433,
8538771,
-71302,
-71302,
8538771,
5119433,
-300069504,
1313868416,
68054960,
-17042482,
-1194974,
-1195190,
-16582921,
70227160,
1301871744,
-297755616,
6327809,
8635465,
-73778,
-68890,
8441218,
3922943,
-302267136,
1325780096,
65839940,
-17503032,
-1194317,
-1194974,
-16124481,
72356320,
1289792384,
-295324832,
7547827,
8731254,
-76319,
-66540,
8342853,
2738580,
-304349216,
1337604608,
63582348,
-17964436,
-1193208,
-1194337,
-15667293,
74442232,
1277632384,
-292776480,
8779234,
8826088,
-78926,
-64253,
8243722,
1566577,
-306316448,
1349339776,
61282432,
-18426558,
-1191636,
-1193291,
-15211485,
76484704,
1265394176,
-290109920,
10021772,
8919921,
-81600,
-62025,
8143870,
407159,
-308169600,
1360983424,
58940472,
-18889260,
-1189592,
-1191843,
-14757181,
78483552,
1253079936,
-287324576,
11275174,
9012704,
-84342,
-59858,
8043343,
-739454,
-309909376,
1372533504,
56556744,
-19352404,
-1187063,
-1190005,
-14304507,
80438616,
1240691840,
-284419840,
12539170,
9104388,
-87153,
-57749,
7942186,
-1873047,
-311536608,
1383987712,
54131556,
-19815842,
-1184041,
-1187787,
-13853583,
82349744,
1228232192,
-281395200,
13813481,
9194923,
-90035,
-55698,
7840441,
-2993415,
-313052096,
1395344128,
51665220,
-20279432,
-1180514,
-1185198,
-13404530,
84216800,
1215703168,
-278250080,
15097822,
9284261,
-92987,
-53702,
7738155,
-4100357,
-314456576,
1406600320,
49158072,
-20743028,
-1176472,
-1182249,
-12957463,
86039664,
1203107200,
-274983968,
16391904,
9372349,
-96013,
-51763,
7635367,
-5193679,
-315750976,
1417754496,
46610460,
-21206484,
-1171902,
-1178950,
-12512498,
87818240,
1190446464,
-271596384,
17695428,
9459139,
-99110,
-49877,
7532123,
-6273195,
-316936096,
1428804480,
44022744,
-21669644,
-1166797,
-1175309,
-12069748,
89552432,
1177723264,
-268086864,
19008092,
9544579,
-102284,
-48045,
7428463,
-7338723,
-318012832,
1439748096,
41395312,
-22132360,
-1161143,
-1171337,
-11629323,
91242152,
1164940032,
-264454992,
20329584,
9628618,
-105531,
-46265,
7324429,
-8390088,
-318982080,
1450583424,
38728552,
-22594476,
-1154932,
-1167043,
-11191332,
92887360,
1152098816,
-260700320,
21659588,
9711204,
-108857,
-44537,
7220061,
-9427125,
-319844736,
1461308288,
36022884,
-23055838,
-1148150,
-1162437,
-10755879,
94487984,
1139202048,
-256822480,
22997784,
9792286,
-112258,
-42858,
7115401,
-10449669,
-320601760,
1471920896,
33278724,
-23516288,
-1140789,
-1157528,
-10323070,
96044016,
1126252032,
-252821120,
24343844,
9871809,
-115739,
-41230,
7010487,
-11457568,
-321254048,
1482419072,
30496526,
-23975664,
-1132836,
-1152326,
-9893005,
97555408,
1113251072,
-248695872,
25697432,
9949724,
-119299,
-39649,
6905359,
-12450673,
-321802624,
1492800896,
27676744,
-24433808,
-1124282,
-1146839,
-9465784,
99022176,
1100201472,
-244446432,
27058204,
10025975,
-122940,
-38116,
6800054,
-13428840,
-322248416,
1503064448,
24819852,
-24890556,
-1115115,
-1141078,
-9041503,
100444320,
1087105664,
-240072528,
28425820,
10100510,
-126661,
-36628,
6694612,
-14391935,
-322592448,
1513207680,
21926344,
-25345744,
-1105325,
-1135049,
-8620257,
101821856,
1073965824,
-235573872,
29799922,
10173276,
-130466,
-35187,
6589069,
-15339829,
-322835744,
1523228800,
18996724,
-25799204,
-1094901,
-1128764,
-8202138,
103154816,
1060784384,
-230950272,
31180154,
10244219,
-134353,
-33789,
6483462,
-16272397,
-322979296,
1533125888,
16031518,
-26250770,
-1083832,
-1122229,
-7787237,
104443264,
1047563584,
-226201472,
32566152,
10313284,
-138326,
-32436,
6377827,
-17189524,
-323024192,
1542897024,
13031263,
-26700272,
-1072106,
-1115455,
-7375640,
105687240,
1034305792,
-221327328,
33957544,
10380419,
-142383,
-31124,
6272200,
-18091100,
-322971456,
1552540416,
9996514,
-27147540,
-1059715,
-1108449,
-6967434,
106886832,
1021013376,
-216327680,
35353952,
10445567,
-146527,
-29855,
6166615,
-18977016,
-322822176,
1562054144,
6927842,
-27592404,
-1046646,
-1101221,
-6562702,
108042120,
1007688576,
-211202384,
36755000,
10508676,
-150757,
-28624,
6061107,
-19847180,
-322577440,
1571436416,
3825832,
-28034686,
-1032889,
-1093778,
-6161524,
109153208,
994333824,
-205951344,
38160292,
10569689,
-155076,
-27435,
5955709,
-20701496,
-322238368,
1580685568,
691088,
-28474212,
-1018434,
-1086130,
-5763980,
110220200,
980951360,
-200574512,
39569444,
10628552,
-159482,
-26284,
5850455,
-21539882,
-321806048,
1589799680,
-2475774,
-28910808,
-1003270,
-1078283,
-5370145,
111243224,
967543488,
-195071808,
40982056,
10685211,
-163980,
-25171,
5745375,
-22362256,
-321281632,
1598776960,
-5674119,
-29344296,
-987386,
-1070246,
-4980093,
112222416,
954112640,
-189443232,
42397716,
10739609,
-168567,
-24094,
5640504,
-23168542,
-320666272,
1607616000,
-8903298,
-29774494,
-970772,
-1062027,
-4593896,
113157920,
940661056,
-183688800,
43816024,
10791693,
-173246,
-23055,
5535871,
-23958676,
-319961056,
1616314752,
-12162645,
-30201224,
-953417,
-1053634,
-4211624,
114049904,
927191104,
-177808544,
45236560,
10841406,
-178017,
-22049,
5431508,
-24732594,
-319167232,
1624871808,
-15451480,
-30624308,
-935312,
-1045075,
-3833344,
114898528,
913705024,
-171802528,
46658912,
10888693,
-182881,
-21078,
5327443,
-25490242,
-318285952,
1633285504,
-18769106,
-31043556,
-916445,
-1036357,
-3459121,
115703984,
900205248,
-165670848,
48082644,
10933499,
-187838,
-20140,
5223707,
-26231568,
-317318368,
1641554048,
-22114812,
-31458792,
-896808,
-1027487,
-3089016,
116466464,
886693888,
-159413632,
49507332,
10975768,
-192890,
-19236,
5120327,
-26956532,
-316265728,
1649676032,
-25487872,
-31869828,
-876388,
-1018474,
-2723093,
117186176,
873173440,
-153031040,
50932540,
11015446,
-198037,
-18362,
5017333,
-27665090,
-315129248,
1657649792,
-28887540,
-32276480,
-855178,
-1009323,
-2361407,
117863328,
859646080,
-146523232,
52357828,
11052476,
-203280,
-17521,
4914750,
-28357212,
-313910112,
1665473792,
-32313060,
-32678560,
-833165,
-1000043,
-2004016,
118498160,
846114112,
-139890432,
53782756,
11086804,
-208618,
-16708,
4812607,
-29032872,
-312609568,
1673146624,
-35763660,
-33075884,
-810343,
-990640,
-1650972,
119090904,
832579840,
-133132880,
55206868,
11118373,
-214054,
-15927,
4710929,
-29692048,
-311228864,
1680666752,
-39238548,
-33468260,
-786698,
-981123,
-1302328,
119641808,
819045504,
-126250832,
56629712,
11147131,
-219586,
-15173,
4609742,
-30334724,
-309769216,
1688032768,
-42736924,
-33855500,
-762224,
-971495,
-958133,
120151136,
805513408,
-119244592,
58050836,
11173019,
-225218,
-14448,
4509070,
-30960888,
-308231936,
1695243136,
-46257968,
-34237416,
-736910,
-961766,
-618435,
120619152,
791985792,
-112114488,
59469772,
11195986,
-230947,
-13749,
4408938,
-31570538,
-306618272,
1702296576,
-49800852,
-34613824,
-710747,
-951941,
-283278,
121046144,
778464832,
-104860872,
60886052,
11215974,
-236776,
-13077,
4309369,
-32163672,
-304929504,
1709191552,
-53364720,
-34984520,
-683724,
-942027,
47294,
121432384,
764952896,
-97484120,
62299208,
11232930,
-242703,
-12430,
4210388,
-32740298,
-303166880,
1715927040,
-56948716,
-35349324,
-655836,
-932029,
373242,
121778192,
751452096,
-89984656,
63708764,
11246800,
-248731,
-11809,
4112014,
-33300426,
-301331744,
1722501504,
-60551960,
-35708040,
-627070,
-921955,
694526,
122083856,
737964736,
-82362912,
65114240,
11257529,
-254858,
-11212,
4014271,
-33844072,
-299425344,
1728913664,
-64173560,
-36060480,
-597419,
-911810,
1011109,
122349704,
724492928,
-74619368,
66515156,
11265063,
-261087,
-10638,
3917180,
-34371256,
-297449024,
1735162368,
-67812616,
-36406444,
-566874,
-901601,
1322957,
122576064,
711038976,
-66754520,
67911024,
11269350,
-267415,
-10087,
3820761,
-34882012,
-295404032,
1741246464,
-71468200,
-36745748,
-535428,
-891333,
1630039,
122763272,
697604992,
-58768900,
69301352,
11270335,
-273845,
-9558,
3725034,
-35376360,
-293291744,
1747164544,
-75139384,
-37078192,
-503071,
-881011,
1932322,
122911672,
684193152,
-50663068,
70685648,
11267965,
-280376,
-9050,
3630019,
-35854344,
-291113472,
1752915712,
-78825216,
-37403592,
-469796,
-870642,
2229780,
123021608,
670805632,
-42437612,
72063416,
11262188,
-287009,
-8564,
3535733,
-36316004,
-288870528,
1758498688,
-82524744,
-37721744,
-435594,
-860231,
2522385,
123093448,
657444544,
-34093152,
73434160,
11252952,
-293742,
-8098,
3442197,
-36761384,
-286564224,
1763912448,
-86236984,
-38032464,
-400459,
-849783,
2810114,
123127560,
644112000,
-25630340,
74797368,
11240204,
-300578,
-7650,
3349426,
-37190536,
-284195904,
1769155840,
-89960952,
-38335556,
-364381,
-839304,
3092944,
123124320,
630810240,
-17049844,
76152536,
11223894,
-307514,
-7224,
3257438,
-37603520,
-281766944,
1774227968,
-93695648,
-38630828,
-327356,
-828797,
3370856,
123084120,
617541248,
-8352376,
77499160,
11203969,
-314552,
-6813,
3166248,
-38000388,
-279278624,
1779127808,
-97440056,
-38918084,
-289374,
-818270,
3643829,
123007336,
604307136,
461329,
78836728,
11180381,
-321691,
-6421,
3075874,
-38381208,
-276732352,
1783854464,
-101193144,
-39197136,
-250430,
-807726,
3911849,
122894384,
591110016,
9390506,
80164720,
11153077,
-328932,
-6048,
2986329,
-38746048,
-274129408,
1788406912,
-104953880,
-39467792,
-210517,
-797171,
4174900,
122745664,
577951872,
18434360,
81482632,
11122010,
-336273,
-5691,
2897630,
-39094988,
-271471168,
1792784256,
-108721208,
-39729856,
-169628,
-786609,
4432970,
122561584,
564834816,
27592068,
82789928,
11087130,
-343716,
-5349,
2809788,
-39428096,
-268759008,
1796985728,
-112494064,
-39983140,
-127757,
-776044,
4686047,
122342576,
551760896,
36862776,
84086096,
11048388,
-351259,
-5023,
2722819,
-39745460,
-265994256,
1801010560,
-116271368,
-40227456,
-84900,
-765481,
4934124,
122089056,
538731968,
46245608,
85370616,
11005737,
-358902,
-4712,
2636735,
-40047164,
-263178272,
1804857728,
-120052032,
-40462608,
-41048,
-754924,
5177193,
121801464,
525750144,
55739644,
86642960,
10959129,
-366644,
-4417,
2551548,
-40333296,
-260312400,
1808526720,
-123834960,
-40688408,
3801,
-744378,
5415248,
121480240,
512817376,
65343952,
87902600,
10908519,
-374486,
-4135,
2467270,
-40603956,
-257398000,
1812016640,
-127619040,
-40904672,
49654,
-733847,
5648285,
121125824,
499935616,
75057560,
89149008,
10853859,
-382426,
-3868,
2383913,
-40859240,
-254436432,
1815326976,
-131403144,
-41111212,
96515,
-723333,
5876304,
120738672,
487106752,
84879472,
90381664,
10795105,
-390465,
-3610,
2301486,
-41099244,
-251429040,
1818456960,
-135186128,
-41307832,
144389,
-712843,
6099304,
120319240,
474332768,
94808672,
91600024,
10732213,
-398600,
-3371,
2220001,
-41324080,
-248377200,
1821405952,
-138966880,
-41494360,
193280,
-702378,
6317286,
119867992,
461615488,
104844088,
92803560,
10665138,
-406833,
-3135,
2139466,
-41533856,
-245282240,
1824173440,
-142744208,
-41670600,
243192,
-691944,
6530254,
119385384,
448956832,
114984648,
93991744,
10593839,
-415161,
-2915,
2059891,
-41728680,
-242145520,
1826759040,
-146516960,
-41836372,
294128,
-681543,
6738212,
118871904,
436358656,
125229240,
95164048,
10518271,
-423584,
-2715,
1981285,
-41908676,
-238968400,
1829161856,
-150283952,
-41991496,
346092,
-671179,
6941168,
118328016,
423822752,
135576720,
96319928,
10438396,
-432101,
-2514,
1903655,
-42073960,
-235752208,
1831381888,
-154044000,
-42135788,
399086,
-660855,
7139129,
117754208,
411351008,
146025936,
97458848,
10354172,
-440711,
-2327,
1827009,
-42224656,
-232498320,
1833418240,
-157795920,
-42269068,
453114,
-650575,
7332104,
117150960,
398945120,
156575696,
98580280,
10265560,
-449412,
-2148,
1751355,
-42360888,
-229208048,
1835270912,
-161538496,
-42391160,
508176,
-640341,
7520106,
116518776,
386606944,
167224752,
99683696,
10172520,
-458205,
-1985,
1676698,
-42482792,
-225882752,
1836939264,
-165270512,
-42501888,
564277,
-630157,
7703146,
115858136,
374338176,
177971872,
100768544,
10075017,
-467086,
-1828,
1603045,
-42590496,
-222523760,
1838423040,
-168990752,
-42601072,
621415,
-620025,
7881241,
115169544,
362140544,
188815792,
101834312,
9973012,
-476057,
-1682,
1530401,
-42684132,
-219132400,
1839721984,
-172697968,
-42688540,
679595,
-609949,
8054403,
114453504,
350015776,
199755184,
102880448,
9866471,
-485113,
-1540,
1458772,
-42763848,
-215710016,
1840835968,
-176390944,
-42764120,
738814,
-599930,
8222652,
113710512,
337965568,
210788736,
103906424,
9755358,
-494255,
-1409,
1388162,
-42829780,
-212257936,
1841764480,
-180068400,
-42827648,
799076,
-589974,
8386006,
112941088,
325991520,
221915104,
104911712,
9639641,
-503480,
-1283,
1318575,
-42882072,
-208777456,
1842507520,
-183729088,
-42878948,
860378,
-580079,
8544485,
112145728,
314095296,
233132864,
105895784,
9519286,
-512788,
-1168,
1250015,
-42920876,
-205269904,
1843064960,
-187371760,
-42917856,
922722,
-570251,
8698109,
111324968,
302278496,
244440640,
106858096,
9394264,
-522175,
-1057,
1182486,
-42946336,
-201736592,
1843436672,
-190995120,
-42944212,
986106,
-560491,
8846903,
110479304,
290542720,
255836992,
107798136,
9264542,
-531641,
-5108,
1115990,
-42958608,
-198178832,
1843622528,
-194597920,
-42957848,
1050529,
-550801,
8990889,
109609264,
278889536,
267320448,
108715360,
9130093,
-541184,
