   8176,
   45754,
   104463,
   78869,
   -157400,
   -487088,
   -505907,
   -55426,
   319834,
   23357,
   -495989,
   -231597,
   560799,
   431217,
   -663010,
   -744868,
   711987,
   1141441,
   -707452,
   -1643818,
   610799,
   2250475,
   -392062,
   -2963731,
   11322,
   3776312,
   572695,
   -4675414,
   -1404551,
   5641413,
   2532522,
   -6645447,
   -4006851,
   7648732,
   5878297,
   -8603117,
   -8198836,
   9449918,
   11022295,
   -10116907,
   -14401345,
   10521283,
   18393091,
   -10563404,
   -23056931,
   10127948,
   28461662,
   -9077021,
   -34690176,
   7244467,
   41852199,
   -4421100,
   -50099481,
   336976,
   59661753,
   5382770,
   -70896775,
   -13286127,
   84397436,
   24239711,
   -101203733,
   -39741438,
   123276521,
   62666511,
   -154742150,
   -99412383,
   205825264,
   167738895,
   -310288150,
   -342274527,
   682330577,
   1892096869,
   1892096869,
   682330577,
   -342274527,
   -310288150,
   167738895,
   205825264,
   -99412383,
   -154742150,
   62666511,
   123276521,
   -39741438,
   -101203733,
   24239711,
   84397436,
   -13286127,
   -70896775,
   5382770,
   59661753,
   336976,
   -50099481,
   -4421100,
   41852199,
   7244467,
   -34690176,
   -9077021,
   28461662,
   10127948,
   -23056931,
   -10563404,
   18393091,
   10521283,
   -14401345,
   -10116907,
   11022295,
   9449918,
   -8198836,
   -8603117,
   5878297,
   7648732,
   -4006851,
   -6645447,
   2532522,
   5641413,
   -1404551,
   -4675414,
   572695,
   3776312,
   11322,
   -2963731,
   -392062,
   2250475,
   610799,
   -1643818,
   -707452,
   1141441,
   711987,
   -744868,
   -663010,
   431217,
   560799,
   -231597,
   -495989,
   23357,
   319834,
   -55426,
   -505907,
   -487088,
   -157400,
   78869,
   104463,
   45754,
   8176
   

