-9289,
-243747,
-627902,
478763,
66212,
-1186895,
2511477,
-3101566,
-69253,
-510249,
-269652,
836564,
-1222785,
849369,
774961,
-3538362,
1798490,
2122325,
-8178905,
14214592,
-16649137,
11633685,
3084667,
-26220297,
6393054,
-7421443,
4496362,
3567244,
-15786525,
28316963,
-34869625,
28456353,
51774830,
-69342837,
66095558,
-29824690,
-48541436,
176260739,
-375865245,
844368773,
-4141189,
-38026118,
90928323,
-139806492,
162556690,
-126045185,
-54787514,
1651024023,
1651024023,
-54787514,
-126045185,
162556690,
-139806492,
90928323,
-38026118,
-4141189,
844368773,
-375865245,
176260739,
-48541436,
-29824690,
66095558,
-69342837,
51774830,
28456353,
-34869625,
28316963,
-15786525,
3567244,
4496362,
-7421443,
6393054,
-26220297,
3084667,
11633685,
-16649137,
14214592,
-8178905,
2122325,
1798490,
-3538362,
774961,
849369,
-1222785,
836564,
-269652,
-510249,
-69253,
-3101566,
2511477,
-1186895,
66212,
478763,
-627902,
-243747,
-9289,
