-365,
43252,
317422,
245893,
-306756,
303406,
-233586,
47603,
5087,
152679,
403262,
-105404,
-84773,
274756,
-482558,
657776,
276028,
-718745,
1212699,
-1642025,
1854419,
-1684759,
991024,
304496,
-721946,
588214,
-185848,
-514578,
1477492,
-2585093,
3634946,
-4355068,
-2174914,
4456879,
-6838098,
8871076,
-10016447,
9716518,
-7492179,
3051173,
4438149,
-3595159,
1621069,
1537045,
-5720677,
10523641,
-15290603,
19157766,
3607477,
-12111024,
21669427,
-31083229,
38808823,
-43077345,
42053271,
-34007445,
-21138341,
20247600,
-15655214,
6846930,
6226085,
-23031095,
42387107,
-62453340,
17467052,
8710352,
-45424870,
93764097,
-156281886,
241064230,
-379367437,
782774374,
80759937,
-94236559,
99126296,
-90484256,
60281596,
10235348,
-195911776,
1765216224,
1765216224,
-195911776,
10235348,
60281596,
-90484256,
99126296,
-94236559,
80759937,
782774374,
-379367437,
241064230,
-156281886,
93764097,
-45424870,
8710352,
17467052,
-62453340,
42387107,
-23031095,
6226085,
6846930,
-15655214,
20247600,
-21138341,
-34007445,
42053271,
-43077345,
38808823,
-31083229,
21669427,
-12111024,
3607477,
19157766,
-15290603,
10523641,
-5720677,
1537045,
1621069,
-3595159,
4438149,
3051173,
-7492179,
9716518,
-10016447,
8871076,
-6838098,
4456879,
-2174914,
-4355068,
3634946,
-2585093,
1477492,
-514578,
-185848,
588214,
-721946,
304496,
991024,
-1684759,
1854419,
-1642025,
1212699,
-718745,
276028,
657776,
-482558,
274756,
-84773,
-105404,
403262,
152679,
5087,
47603,
-233586,
303406,
-306756,
245893,
317422,
43252,
-365,
