   -365,
   5087,
   43252,
   152679,
   317422,
   403262,
   245893,
   -105404,
   -306756,
   -84773,
   303406,
   274756,
   -233586,
   -482558,
   47603,
   657776,
   276028,
   -721946,
   -718745,
   588214,
   1212699,
   -185848,
   -1642025,
   -514578,
   1854419,
   1477492,
   -1684759,
   -2585093,
   991024,
   3634946,
   304496,
   -4355068,
   -2174914,
   4438149,
   4456879,
   -3595159,
   -6838098,
   1621069,
   8871076,
   1537045,
   -10016447,
   -5720677,
   9716518,
   10523641,
   -7492179,
   -15290603,
   3051173,
   19157766,
   3607477,
   -21138341,
   -12111024,
   20247600,
   21669427,
   -15655214,
   -31083229,
   6846930,
   38808823,
   6226085,
   -43077345,
   -23031095,
   42053271,
   42387107,
   -34007445,
   -62453340,
   17467052,
   80759937,
   8710352,
   -94236559,
   -45424870,
   99126296,
   93764097,
   -90484256,
   -156281886,
   60281596,
   241064230,
   10235348,
   -379367437,
   -195911776,
   782774374,
   1765216224,
   1765216224,
   782774374,
   -195911776,
   -379367437,
   10235348,
   241064230,
   60281596,
   -156281886,
   -90484256,
   93764097,
   99126296,
   -45424870,
   -94236559,
   8710352,
   80759937,
   17467052,
   -62453340,
   -34007445,
   42387107,
   42053271,
   -23031095,
   -43077345,
   6226085,
   38808823,
   6846930,
   -31083229,
   -15655214,
   21669427,
   20247600,
   -12111024,
   -21138341,
   3607477,
   19157766,
   3051173,
   -15290603,
   -7492179,
   10523641,
   9716518,
   -5720677,
   -10016447,
   1537045,
   8871076,
   1621069,
   -6838098,
   -3595159,
   4456879,
   4438149,
   -2174914,
   -4355068,
   304496,
   3634946,
   991024,
   -2585093,
   -1684759,
   1477492,
   1854419,
   -514578,
   -1642025,
   -185848,
   1212699,
   588214,
   -718745,
   -721946,
   276028,
   657776,
   47603,
   -482558,
   -233586,
   274756,
   303406,
   -84773,
   -306756,
   -105404,
   245893,
   403262,
   317422,
   152679,
   43252,
   5087,
   -365
   

