8176,
104463,
-157400,
-505907,
319834,
-495989,
560799,
-663010,
45754,
78869,
-487088,
-55426,
23357,
-231597,
431217,
-744868,
711987,
-707452,
610799,
-392062,
11322,
572695,
-1404551,
2532522,
1141441,
-1643818,
2250475,
-2963731,
3776312,
-4675414,
5641413,
-6645447,
-4006851,
5878297,
-8198836,
11022295,
-14401345,
18393091,
-23056931,
28461662,
7648732,
-8603117,
9449918,
-10116907,
10521283,
-10563404,
10127948,
-9077021,
-34690176,
41852199,
-50099481,
59661753,
-70896775,
84397436,
-101203733,
123276521,
7244467,
-4421100,
336976,
5382770,
-13286127,
24239711,
-39741438,
62666511,
-154742150,
205825264,
-310288150,
682330577,
1892096869,
-342274527,
167738895,
-99412383,
-99412383,
167738895,
-342274527,
1892096869,
682330577,
-310288150,
205825264,
-154742150,
62666511,
-39741438,
24239711,
-13286127,
5382770,
336976,
-4421100,
7244467,
123276521,
-101203733,
84397436,
-70896775,
59661753,
-50099481,
41852199,
-34690176,
-9077021,
10127948,
-10563404,
10521283,
-10116907,
9449918,
-8603117,
7648732,
28461662,
-23056931,
18393091,
-14401345,
11022295,
-8198836,
5878297,
-4006851,
-6645447,
5641413,
-4675414,
3776312,
-2963731,
2250475,
-1643818,
1141441,
2532522,
-1404551,
572695,
11322,
-392062,
610799,
-707452,
711987,
-744868,
431217,
-231597,
23357,
-55426,
-487088,
78869,
45754,
-663010,
560799,
-495989,
319834,
-505907,
-157400,
104463,
8176,
