   -9110,
   -76699,
   -283508,
   -582324,
   -628931,
   -79203,
   674861,
   545360,
   -666721,
   -1218455,
   346261,
   2045476,
   514406,
   -2810927,
   -2070761,
   3179817,
   4368532,
   -2712589,
   -7276663,
   918891,
   10433562,
   2659518,
   -13220100,
   -8349213,
   14760495,
   16229609,
   -13967503,
   -26026147,
   9623187,
   37026057,
   -478501,
   -48021095,
   -14651246,
   57276361,
   36846603,
   -62485772,
   -67181575,
   60610109,
   107136658,
   -47308565,
   -159841541,
   14987698,
   234088529,
   54877341,
   -361907745,
   -237126959,
   755658043,
   1800448439,
   1800448439,
   755658043,
   -237126959,
   -361907745,
   54877341,
   234088529,
   14987698,
   -159841541,
   -47308565,
   107136658,
   60610109,
   -67181575,
   -62485772,
   36846603,
   57276361,
   -14651246,
   -48021095,
   -478501,
   37026057,
   9623187,
   -26026147,
   -13967503,
   16229609,
   14760495,
   -8349213,
   -13220100,
   2659518,
   10433562,
   918891,
   -7276663,
   -2712589,
   4368532,
   3179817,
   -2070761,
   -2810927,
   514406,
   2045476,
   346261,
   -1218455,
   -666721,
   545360,
   674861,
   -79203,
   -628931,
   -582324,
   -283508,
   -76699,
   -9110
   

