-9110,
-283508,
-628931,
674861,
-666721,
346261,
514406,
-2070761,
-76699,
-582324,
-79203,
545360,
-1218455,
2045476,
-2810927,
3179817,
4368532,
-7276663,
10433562,
-13220100,
14760495,
-13967503,
9623187,
-478501,
-2712589,
918891,
2659518,
-8349213,
16229609,
-26026147,
37026057,
-48021095,
-14651246,
36846603,
-67181575,
107136658,
-159841541,
234088529,
-361907745,
755658043,
57276361,
-62485772,
60610109,
-47308565,
14987698,
54877341,
-237126959,
1800448439,
1800448439,
-237126959,
54877341,
14987698,
-47308565,
60610109,
-62485772,
57276361,
755658043,
-361907745,
234088529,
-159841541,
107136658,
-67181575,
36846603,
-14651246,
-48021095,
37026057,
-26026147,
16229609,
-8349213,
2659518,
918891,
-2712589,
-478501,
9623187,
-13967503,
14760495,
-13220100,
10433562,
-7276663,
4368532,
3179817,
-2810927,
2045476,
-1218455,
545360,
-79203,
-582324,
-76699,
-2070761,
514406,
346261,
-666721,
674861,
-628931,
-283508,
-9110,
