   507,
   160,
   186,
   213,
   244,
   278,
   314,
   354,
   398,
   445,
   497,
   552,
   613,
   679,
   749,
   825,
   906,
   994,
   1089,
   1190,
   1298,
   1414,
   1539,
   1671,
   1813,
   1963,
   2124,
   2295,
   2477,
   2670,
   2875,
   3092,
   3322,
   3567,
   3825,
   4098,
   4387,
   4693,
   5015,
   5355,
   5713,
   6091,
   6489,
   6907,
   7347,
   7810,
   8297,
   8808,
   9344,
   9907,
   10497,
   11115,
   11763,
   12441,
   13151,
   13893,
   14669,
   15481,
   16328,
   17213,
   18137,
   19101,
   20106,
   21154,
   22246,
   23383,
   24568,
   25800,
   27082,
   28416,
   29802,
   31243,
   32740,
   34294,
   35907,
   37582,
   39318,
   41119,
   42986,
   44920,
   46924,
   48999,
   51147,
   53370,
   55670,
   58048,
   60507,
   63048,
   65673,
   68384,
   71184,
   74074,
   77055,
   80131,
   83303,
   86572,
   89942,
   93413,
   96989,
   100671,
   104460,
   108360,
   112372,
   116497,
   120739,
   125099,
   129578,
   134180,
   138905,
   143756,
   148734,
   153842,
   159082,
   164455,
   169962,
   175607,
   181389,
   187312,
   193377,
   199585,
   205939,
   212438,
   219086,
   225883,
   232831,
   239930,
   247183,
   254590,
   262153,
   269872,
   277748,
   285782,
   293976,
   302329,
   310842,
   319515,
   328350,
   337346,
   346503,
   355822,
   365302,
   374943,
   384746,
   394708,
   404831,
   415112,
   425551,
   436148,
   446901,
   457808,
   468869,
   480081,
   491443,
   502953,
   514608,
   526406,
   538345,
   550421,
   562633,
   574976,
   587448,
   600045,
   612763,
   625597,
   638545,
   651601,
   664761,
   678020,
   691372,
   704812,
   718335,
   731935,
   745605,
   759339,
   773130,
   786972,
   800857,
   814777,
   828724,
   842692,
   856670,
   870651,
   884625,
   898583,
   912516,
   926413,
   940264,
   954059,
   967788,
   981437,
   994997,
   1008456,
   1021800,
   1035019,
   1048098,
   1061025,
   1073786,
   1086367,
   1098755,
   1110934,
   1122891,
   1134609,
   1146073,
   1157268,
   1168177,
   1178783,
   1189071,
   1199021,
   1208618,
   1217843,
   1226678,
   1235105,
   1243104,
   1250656,
   1257742,
   1264342,
   1270436,
   1276003,
   1281023,
   1285474,
   1289336,
   1292586,
   1295202,
   1297163,
   1298445,
   1299027,
   1298884,
   1297994,
   1296333,
   1293876,
   1290601,
   1286483,
   1281497,
   1275619,
   1268824,
   1261086,
   1252380,
   1242681,
   1231964,
   1220202,
   1207370,
   1193442,
   1178391,
   1162192,
   1144818,
   1126242,
   1106439,
   1085382,
   1063044,
   1039400,
   1014422,
   988084,
   960360,
   931223,
   900647,
   868606,
   835074,
   800025,
   763434,
   725273,
   685519,
   644146,
   601129,
   556443,
   510065,
   461968,
   412131,
   360529,
   307139,
   251938,
   194905,
   136017,
   75252,
   12590,
   -51989,
   -118506,
   -186980,
   -257430,
   -329874,
   -404330,
   -480814,
   -559342,
   -639931,
   -722595,
   -807348,
   -894203,
   -983172,
   -1074268,
   -1167500,
   -1262878,
   -1360412,
   -1460109,
   -1561976,
   -1666019,
   -1772242,
   -1880650,
   -1991244,
   -2104028,
   -2218999,
   -2336159,
   -2455505,
   -2577033,
   -2700739,
   -2826618,
   -2954661,
   -3084861,
   -3217207,
   -3351688,
   -3488291,
   -3627002,
   -3767806,
   -3910684,
   -4055619,
   -4202590,
   -4351575,
   -4502549,
   -4655490,
   -4810368,
   -4967156,
   -5125824,
   -5286338,
   -5448667,
   -5612774,
   -5778621,
   -5946171,
   -6115380,
   -6286208,
   -6458609,
   -6632536,
   -6807941,
   -6984774,
   -7162982,
   -7342510,
   -7523303,
   -7705302,
   -7888447,
   -8072675,
   -8257923,
   -8444123,
   -8631208,
   -8819107,
   -9007748,
   -9197056,
   -9386954,
   -9577364,
   -9768205,
   -9959394,
   -10150847,
   -10342477,
   -10534194,
   -10725908,
   -10917525,
   -11108951,
   -11300089,
   -11490839,
   -11681099,
   -11870768,
   -12059739,
   -12247906,
   -12435159,
   -12621388,
   -12806479,
   -12990317,
   -13172787,
   -13353768,
   -13533141,
   -13710784,
   -13886572,
   -14060379,
   -14232078,
   -14401541,
   -14568635,
   -14733229,
   -14895189,
   -15054378,
   -15210660,
   -15363897,
   -15513948,
   -15660672,
   -15803927,
   -15943568,
   -16079450,
   -16211428,
   -16339354,
   -16463079,
   -16582454,
   -16697328,
   -16807551,
   -16912970,
   -17013433,
   -17108786,
   -17198874,
   -17283544,
   -17362639,
   -17436006,
   -17503486,
   -17564926,
   -17620168,
   -17669055,
   -17711432,
   -17747142,
   -17776029,
   -17797937,
   -17812711,
   -17820194,
   -17820233,
   -17812673,
   -17797361,
   -17774144,
   -17742870,
   -17703389,
   -17655551,
   -17599206,
   -17534208,
   -17460411,
   -17377671,
   -17285843,
   -17184787,
   -17074364,
   -16954436,
   -16824867,
   -16685524,
   -16536275,
   -16376992,
   -16207547,
   -16027818,
   -15837682,
   -15637021,
   -15425719,
   -15203664,
   -14970746,
   -14726858,
   -14471898,
   -14205766,
   -13928365,
   -13639605,
   -13339396,
   -13027653,
   -12704296,
   -12369249,
   -12022439,
   -11663798,
   -11293264,
   -10910777,
   -10516285,
   -10109736,
   -9691088,
   -9260302,
   -8817342,
   -8362182,
   -7894796,
   -7415169,
   -6923287,
   -6419144,
   -5902740,
   -5374079,
   -4833174,
   -4280041,
   -3714705,
   -3137196,
   -2547549,
   -1945809,
   -1332024,
   -706252,
   -68555,
   580996,
   1242325,
   1915348,
   2599972,
   3296100,
   4003626,
   4722437,
   5452411,
   6193422,
   6945332,
   7708000,
   8481273,
   9264993,
   10058994,
   10863100,
   11677129,
   12500891,
   13334188,
   14176813,
   15028551,
   15889179,
   16758468,
   17636178,
   18522062,
   19415864,
   20317321,
   21226162,
   22142105,
   23064864,
   23994141,
   24929633,
   25871025,
   26817997,
   27770220,
   28727357,
   29689062,
   30654981,
   31624754,
   32598010,
   33574372,
   34553455,
   35534866,
   36518203,
   37503058,
   38489016,
   39475651,
   40462534,
   41449225,
   42435278,
   43420241,
   44403653,
   45385047,
   46363950,
   47339881,
   48312352,
   49280870,
   50244935,
   51204040,
   52157673,
   53105316,
   54046445,
   54980531,
   55907038,
   56825426,
   57735150,
   58635661,
   59526401,
   60406814,
   61276334,
   62134394,
   62980423,
   63813844,
   64634080,
   65440547,
   66232661,
   67009834,
   67771475,
   68516992,
   69245789,
   69957270,
   70650837,
   71325890,
   71981828,
   72618051,
   73233956,
   73828942,
   74402405,
   74953746,
   75482363,
   75987655,
   76469025,
   76925874,
   77357607,
   77763632,
   78143357,
   78496195,
   78821560,
   79118871,
   79387550,
   79627024,
   79836723,
   80016083,
   80164544,
   80281552,
   80366559,
   80419024,
   80438409,
   80424186,
   80375833,
   80292835,
   80174687,
   80020889,
   79830952,
   79604395,
   79340746,
   79039542,
   78700332,
   78322673,
   77906135,
   77450297,
   76954749,
   76419095,
   75842950,
   75225940,
   74567706,
   73867901,
   73126192,
   72342258,
   71515795,
   70646512,
   69734131,
   68778394,
   67779054,
   66735881,
   65648663,
   64517202,
   63341319,
   62120850,
   60855652,
   59545594,
   58190570,
   56790487,
   55345273,
   53854874,
   52319258,
   50738409,
   49112333,
   47441055,
   45724621,
   43963099,
   42156575,
   40305160,
   38408981,
   36468193,
   34482968,
   32453504,
   30380017,
   28262749,
   26101963,
   23897947,
   21651011,
   19361487,
   17029732,
   14656127,
   12241075,
   9785006,
   7288371,
   4751648,
   2175337,
   -440037,
   -3093922,
   -5785744,
   -8514905,
   -11280778,
   -14082715,
   -16920041,
   -19792058,
   -22698040,
   -25637238,
   -28608877,
   -31612159,
   -34646257,
   -37710324,
   -40803482,
   -43924834,
   -47073453,
   -50248392,
   -53448674,
   -56673302,
   -59921251,
   -63191473,
   -66482897,
   -69794425,
   -73124936,
   -76473286,
   -79838306,
   -83218805,
   -86613566,
   -90021351,
   -93440900,
   -96870926,
   -100310125,
   -103757166,
   -107210700,
   -110669352,
   -114131730,
   -117596419,
   -121061982,
   -124526963,
   -127989886,
   -131449255,
   -134903555,
   -138351251,
   -141790789,
   -145220599,
   -148639091,
   -152044659,
   -155435680,
   -158810513,
   -162167502,
   -165504976,
   -168821247,
   -172114616,
   -175383365,
   -178625766,
   -181840077,
   -185024542,
   -188177396,
   -191296860,
   -194381145,
   -197428452,
   -200436970,
   -203404883,
   -206330362,
   -209211574,
   -212046676,
   -214833820,
   -217571150,
   -220256807,
   -222888925,
   -225465635,
   -227985065,
   -230445340,
   -232844583,
   -235180914,
   -237452455,
   -239657326,
   -241793650,
   -243859548,
   -245853147,
   -247772574,
   -249615961,
   -251381445,
   -253067166,
   -254671273,
   -256191919,
   -257627266,
   -258975483,
   -260234748,
   -261403250,
   -262479187,
   -263460769,
   -264346219,
   -265133771,
   -265821672,
   -266408186,
   -266891591,
   -267270180,
   -267542263,
   -267706169,
   -267760243,
   -267702850,
   -267532375,
   -267247224,
   -266845823,
   -266326621,
   -265688090,
   -264928726,
   -264047047,
   -263041600,
   -261910954,
   -260653708,
   -259268486,
   -257753942,
   -256108756,
   -254331642,
   -252421341,
   -250376625,
   -248196300,
   -245879202,
   -243424202,
   -240830204,
   -238096147,
   -235221004,
   -232203785,
   -229043535,
   -225739340,
   -222290318,
   -218695631,
   -214954475,
   -211066090,
   -207029752,
   -202844782,
   -198510539,
   -194026426,
   -189391886,
   -184606407,
   -179669521,
   -174580801,
   -169339868,
   -163946385,
   -158400062,
   -152700654,
   -146847963,
   -140841837,
   -134682171,
   -128368908,
   -121902038,
   -115281601,
   -108507683,
   -101580420,
   -94499998,
   -87266650,
   -79880662,
   -72342366,
   -64652147,
   -56810439,
   -48817728,
   -40674549,
   -32381490,
   -23939186,
   -15348328,
   -6609656,
   2276040,
   11307916,
   20485078,
   29806581,
   39271427,
   48878569,
   58626905,
   68515284,
   78542504,
   88707311,
   99008400,
   109444415,
   120013949,
   130715545,
   141547696,
   152508842,
   163597376,
   174811640,
   186149928,
   197610482,
   209191498,
   220891121,
   232707451,
   244638536,
   256682381,
   268836941,
   281100125,
   293469797,
   305943775,
   318519832,
   331195694,
   343969047,
   356837531,
   369798743,
   382850238,
   395989530,
   409214091,
   422521353,
   435908708,
   449373509,
   462913070,
   476524668,
   490205543,
   503952899,
   517763902,
   531635688,
   545565354,
   559549969,
   573586566,
   587672147,
   601803686,
   615978125,
   630192378,
   644443331,
   658727844,
   673042750,
   687384856,
   701750948,
   716137786,
   730542109,
   744960636,
   759390064,
   773827071,
   788268319,
   802710451,
   817150094,
   831583863,
   846008355,
   860420157,
   874815843,
   889191978,
   903545117,
   917871805,
   932168582,
   946431981,
   960658530,
   974844752,
   988987170,
   1003082304,
   1017126673,
   1031116797,
   1045049200,
   1058920405,
   1072726943,
   1086465348,
   1100132163,
   1113723937,
   1127237227,
   1140668602,
   1154014642,
   1167271937,
   1180437095,
   1193506734,
   1206477490,
   1219346018,
   1232108987,
   1244763088,
   1257305032,
   1269731552,
   1282039403,
   1294225364,
   1306286239,
   1318218858,
   1330020079,
   1341686787,
   1353215898,
   1364604357,
   1375849140,
   1386947258,
   1397895755,
   1408691707,
   1419332229,
   1429814472,
   1440135623,
   1450292910,
   1460283600,
   1470105000,
   1479754459,
   1489229370,
   1498527168,
   1507645332,
   1516581389,
   1525332909,
   1533897512,
   1542272864,
   1550456681,
   1558446727,
   1566240819,
   1573836824,
   1581232660,
   1588426299,
   1595415767,
   1602199142,
   1608774560,
   1615140210,
   1621294337,
   1627235246,
   1632961297,
   1638470908,
   1643762557,
   1648834780,
   1653686173,
   1658315393,
   1662721158,
   1666902245,
   1670857494,
   1674585809,
   1678086153,
   1681357555,
   1684399104,
   1687209956,
   1689789329,
   1692136504,
   1694250829,
   1696131714,
   1697778637,
   1699191139,
   1700368825,
   1701311368,
   1702018505,
   1702490040,
   1702725840,
   1702725840,
   1702490040,
   1702018505,
   1701311368,
   1700368825,
   1699191139,
   1697778637,
   1696131714,
   1694250829,
   1692136504,
   1689789329,
   1687209956,
   1684399104,
   1681357555,
   1678086153,
   1674585809,
   1670857494,
   1666902245,
   1662721158,
   1658315393,
   1653686173,
   1648834780,
   1643762557,
   1638470908,
   1632961297,
   1627235246,
   1621294337,
   1615140210,
   1608774560,
   1602199142,
   1595415767,
   1588426299,
   1581232660,
   1573836824,
   1566240819,
   1558446727,
   1550456681,
   1542272864,
   1533897512,
   1525332909,
   1516581389,
   1507645332,
   1498527168,
   1489229370,
   1479754459,
   1470105000,
   1460283600,
   1450292910,
   1440135623,
   1429814472,
   1419332229,
   1408691707,
   1397895755,
   1386947258,
   1375849140,
   1364604357,
   1353215898,
   1341686787,
   1330020079,
   1318218858,
   1306286239,
   1294225364,
   1282039403,
   1269731552,
   1257305032,
   1244763088,
   1232108987,
   1219346018,
   1206477490,
   1193506734,
   1180437095,
   1167271937,
   1154014642,
   1140668602,
   1127237227,
   1113723937,
   1100132163,
   1086465348,
   1072726943,
   1058920405,
   1045049200,
   1031116797,
   1017126673,
   1003082304,
   988987170,
   974844752,
   960658530,
   946431981,
   932168582,
   917871805,
   903545117,
   889191978,
   874815843,
   860420157,
   846008355,
   831583863,
   817150094,
   802710451,
   788268319,
   773827071,
   759390064,
   744960636,
   730542109,
   716137786,
   701750948,
   687384856,
   673042750,
   658727844,
   644443331,
   630192378,
   615978125,
   601803686,
   587672147,
   573586566,
   559549969,
   545565354,
   531635688,
   517763902,
   503952899,
   490205543,
   476524668,
   462913070,
   449373509,
   435908708,
   422521353,
   409214091,
   395989530,
   382850238,
   369798743,
   356837531,
   343969047,
   331195694,
   318519832,
   305943775,
   293469797,
   281100125,
   268836941,
   256682381,
   244638536,
   232707451,
   220891121,
   209191498,
   197610482,
   186149928,
   174811640,
   163597376,
   152508842,
   141547696,
   130715545,
   120013949,
   109444415,
   99008400,
   88707311,
   78542504,
   68515284,
   58626905,
   48878569,
   39271427,
   29806581,
   20485078,
   11307916,
   2276040,
   -6609656,
   -15348328,
   -23939186,
   -32381490,
   -40674549,
   -48817728,
   -56810439,
   -64652147,
   -72342366,
   -79880662,
   -87266650,
   -94499998,
   -101580420,
   -108507683,
   -115281601,
   -121902038,
   -128368908,
   -134682171,
   -140841837,
   -146847963,
   -152700654,
   -158400062,
   -163946385,
   -169339868,
   -174580801,
   -179669521,
   -184606407,
   -189391886,
   -194026426,
   -198510539,
   -202844782,
   -207029752,
   -211066090,
   -214954475,
   -218695631,
   -222290318,
   -225739340,
   -229043535,
   -232203785,
   -235221004,
   -238096147,
   -240830204,
   -243424202,
   -245879202,
   -248196300,
   -250376625,
   -252421341,
   -254331642,
   -256108756,
   -257753942,
   -259268486,
   -260653708,
   -261910954,
   -263041600,
   -264047047,
   -264928726,
   -265688090,
   -266326621,
   -266845823,
   -267247224,
   -267532375,
   -267702850,
   -267760243,
   -267706169,
   -267542263,
   -267270180,
   -266891591,
   -266408186,
   -265821672,
   -265133771,
   -264346219,
   -263460769,
   -262479187,
   -261403250,
   -260234748,
   -258975483,
   -257627266,
   -256191919,
   -254671273,
   -253067166,
   -251381445,
   -249615961,
   -247772574,
   -245853147,
   -243859548,
   -241793650,
   -239657326,
   -237452455,
   -235180914,
   -232844583,
   -230445340,
   -227985065,
   -225465635,
   -222888925,
   -220256807,
   -217571150,
   -214833820,
   -212046676,
   -209211574,
   -206330362,
   -203404883,
   -200436970,
   -197428452,
   -194381145,
   -191296860,
   -188177396,
   -185024542,
   -181840077,
   -178625766,
   -175383365,
   -172114616,
   -168821247,
   -165504976,
   -162167502,
   -158810513,
   -155435680,
   -152044659,
   -148639091,
   -145220599,
   -141790789,
   -138351251,
   -134903555,
   -131449255,
   -127989886,
   -124526963,
   -121061982,
   -117596419,
   -114131730,
   -110669352,
   -107210700,
   -103757166,
   -100310125,
   -96870926,
   -93440900,
   -90021351,
   -86613566,
   -83218805,
   -79838306,
   -76473286,
   -73124936,
   -69794425,
   -66482897,
   -63191473,
   -59921251,
   -56673302,
   -53448674,
   -50248392,
   -47073453,
   -43924834,
   -40803482,
   -37710324,
   -34646257,
   -31612159,
   -28608877,
   -25637238,
   -22698040,
   -19792058,
   -16920041,
   -14082715,
   -11280778,
   -8514905,
   -5785744,
   -3093922,
   -440037,
   2175337,
   4751648,
   7288371,
   9785006,
   12241075,
   14656127,
   17029732,
   19361487,
   21651011,
   23897947,
   26101963,
   28262749,
   30380017,
   32453504,
   34482968,
   36468193,
   38408981,
   40305160,
   42156575,
   43963099,
   45724621,
   47441055,
   49112333,
   50738409,
   52319258,
   53854874,
   55345273,
   56790487,
   58190570,
   59545594,
   60855652,
   62120850,
   63341319,
   64517202,
   65648663,
   66735881,
   67779054,
   68778394,
   69734131,
   70646512,
   71515795,
   72342258,
   73126192,
   73867901,
   74567706,
   75225940,
   75842950,
   76419095,
   76954749,
   77450297,
   77906135,
   78322673,
   78700332,
   79039542,
   79340746,
   79604395,
   79830952,
   80020889,
   80174687,
   80292835,
   80375833,
   80424186,
   80438409,
   80419024,
   80366559,
   80281552,
   80164544,
   80016083,
   79836723,
   79627024,
   79387550,
   79118871,
   78821560,
   78496195,
   78143357,
   77763632,
   77357607,
   76925874,
   76469025,
   75987655,
   75482363,
   74953746,
   74402405,
   73828942,
   73233956,
   72618051,
   71981828,
   71325890,
   70650837,
   69957270,
   69245789,
   68516992,
   67771475,
   67009834,
   66232661,
   65440547,
   64634080,
   63813844,
   62980423,
   62134394,
   61276334,
   60406814,
   59526401,
   58635661,
   57735150,
   56825426,
   55907038,
   54980531,
   54046445,
   53105316,
   52157673,
   51204040,
   50244935,
   49280870,
   48312352,
   47339881,
   46363950,
   45385047,
   44403653,
   43420241,
   42435278,
   41449225,
   40462534,
   39475651,
   38489016,
   37503058,
   36518203,
   35534866,
   34553455,
   33574372,
   32598010,
   31624754,
   30654981,
   29689062,
   28727357,
   27770220,
   26817997,
   25871025,
   24929633,
   23994141,
   23064864,
   22142105,
   21226162,
   20317321,
   19415864,
   18522062,
   17636178,
   16758468,
   15889179,
   15028551,
   14176813,
   13334188,
   12500891,
   11677129,
   10863100,
   10058994,
   9264993,
   8481273,
   7708000,
   6945332,
   6193422,
   5452411,
   4722437,
   4003626,
   3296100,
   2599972,
   1915348,
   1242325,
   580996,
   -68555,
   -706252,
   -1332024,
   -1945809,
   -2547549,
   -3137196,
   -3714705,
   -4280041,
   -4833174,
   -5374079,
   -5902740,
   -6419144,
   -6923287,
   -7415169,
   -7894796,
   -8362182,
   -8817342,
   -9260302,
   -9691088,
   -10109736,
   -10516285,
   -10910777,
   -11293264,
   -11663798,
   -12022439,
   -12369249,
   -12704296,
   -13027653,
   -13339396,
   -13639605,
   -13928365,
   -14205766,
   -14471898,
   -14726858,
   -14970746,
   -15203664,
   -15425719,
   -15637021,
   -15837682,
   -16027818,
   -16207547,
   -16376992,
   -16536275,
   -16685524,
   -16824867,
   -16954436,
   -17074364,
   -17184787,
   -17285843,
   -17377671,
   -17460411,
   -17534208,
   -17599206,
   -17655551,
   -17703389,
   -17742870,
   -17774144,
   -17797361,
   -17812673,
   -17820233,
   -17820194,
   -17812711,
   -17797937,
   -17776029,
   -17747142,
   -17711432,
   -17669055,
   -17620168,
   -17564926,
   -17503486,
   -17436006,
   -17362639,
   -17283544,
   -17198874,
   -17108786,
   -17013433,
   -16912970,
   -16807551,
   -16697328,
   -16582454,
   -16463079,
   -16339354,
   -16211428,
   -16079450,
   -15943568,
   -15803927,
   -15660672,
   -15513948,
   -15363897,
   -15210660,
   -15054378,
   -14895189,
   -14733229,
   -14568635,
   -14401541,
   -14232078,
   -14060379,
   -13886572,
   -13710784,
   -13533141,
   -13353768,
   -13172787,
   -12990317,
   -12806479,
   -12621388,
   -12435159,
   -12247906,
   -12059739,
   -11870768,
   -11681099,
   -11490839,
   -11300089,
   -11108951,
   -10917525,
   -10725908,
   -10534194,
   -10342477,
   -10150847,
   -9959394,
   -9768205,
   -9577364,
   -9386954,
   -9197056,
   -9007748,
   -8819107,
   -8631208,
   -8444123,
   -8257923,
   -8072675,
   -7888447,
   -7705302,
   -7523303,
   -7342510,
   -7162982,
   -6984774,
   -6807941,
   -6632536,
   -6458609,
   -6286208,
   -6115380,
   -5946171,
   -5778621,
   -5612774,
   -5448667,
   -5286338,
   -5125824,
   -4967156,
   -4810368,
   -4655490,
   -4502549,
   -4351575,
   -4202590,
   -4055619,
   -3910684,
   -3767806,
   -3627002,
   -3488291,
   -3351688,
   -3217207,
   -3084861,
   -2954661,
   -2826618,
   -2700739,
   -2577033,
   -2455505,
   -2336159,
   -2218999,
   -2104028,
   -1991244,
   -1880650,
   -1772242,
   -1666019,
   -1561976,
   -1460109,
   -1360412,
   -1262878,
   -1167500,
   -1074268,
   -983172,
   -894203,
   -807348,
   -722595,
   -639931,
   -559342,
   -480814,
   -404330,
   -329874,
   -257430,
   -186980,
   -118506,
   -51989,
   12590,
   75252,
   136017,
   194905,
   251938,
   307139,
   360529,
   412131,
   461968,
   510065,
   556443,
   601129,
   644146,
   685519,
   725273,
   763434,
   800025,
   835074,
   868606,
   900647,
   931223,
   960360,
   988084,
   1014422,
   1039400,
   1063044,
   1085382,
   1106439,
   1126242,
   1144818,
   1162192,
   1178391,
   1193442,
   1207370,
   1220202,
   1231964,
   1242681,
   1252380,
   1261086,
   1268824,
   1275619,
   1281497,
   1286483,
   1290601,
   1293876,
   1296333,
   1297994,
   1298884,
   1299027,
   1298445,
   1297163,
   1295202,
   1292586,
   1289336,
   1285474,
   1281023,
   1276003,
   1270436,
   1264342,
   1257742,
   1250656,
   1243104,
   1235105,
   1226678,
   1217843,
   1208618,
   1199021,
   1189071,
   1178783,
   1168177,
   1157268,
   1146073,
   1134609,
   1122891,
   1110934,
   1098755,
   1086367,
   1073786,
   1061025,
   1048098,
   1035019,
   1021800,
   1008456,
   994997,
   981437,
   967788,
   954059,
   940264,
   926413,
   912516,
   898583,
   884625,
   870651,
   856670,
   842692,
   828724,
   814777,
   800857,
   786972,
   773130,
   759339,
   745605,
   731935,
   718335,
   704812,
   691372,
   678020,
   664761,
   651601,
   638545,
   625597,
   612763,
   600045,
   587448,
   574976,
   562633,
   550421,
   538345,
   526406,
   514608,
   502953,
   491443,
   480081,
   468869,
   457808,
   446901,
   436148,
   425551,
   415112,
   404831,
   394708,
   384746,
   374943,
   365302,
   355822,
   346503,
   337346,
   328350,
   319515,
   310842,
   302329,
   293976,
   285782,
   277748,
   269872,
   262153,
   254590,
   247183,
   239930,
   232831,
   225883,
   219086,
   212438,
   205939,
   199585,
   193377,
   187312,
   181389,
   175607,
   169962,
   164455,
   159082,
   153842,
   148734,
   143756,
   138905,
   134180,
   129578,
   125099,
   120739,
   116497,
   112372,
   108360,
   104460,
   100671,
   96989,
   93413,
   89942,
   86572,
   83303,
   80131,
   77055,
   74074,
   71184,
   68384,
   65673,
   63048,
   60507,
   58048,
   55670,
   53370,
   51147,
   48999,
   46924,
   44920,
   42986,
   41119,
   39318,
   37582,
   35907,
   34294,
   32740,
   31243,
   29802,
   28416,
   27082,
   25800,
   24568,
   23383,
   22246,
   21154,
   20106,
   19101,
   18137,
   17213,
   16328,
   15481,
   14669,
   13893,
   13151,
   12441,
   11763,
   11115,
   10497,
   9907,
   9344,
   8808,
   8297,
   7810,
   7347,
   6907,
   6489,
   6091,
   5713,
   5355,
   5015,
   4693,
   4387,
   4098,
   3825,
   3567,
   3322,
   3092,
   2875,
   2670,
   2477,
   2295,
   2124,
   1963,
   1813,
   1671,
   1539,
   1414,
   1298,
   1190,
   1089,
   994,
   906,
   825,
   749,
   679,
   613,
   552,
   497,
   445,
   398,
   354,
   314,
   278,
   244,
   213,
   186,
   160,
   507

