   -1117,
   -20789,
   -104563,
   -248552,
   -275739,
   -518,
   313715,
   100974,
   -444773,
   -261674,
   639567,
   522899,
   -898939,
   -917421,
   1236966,
   1484442,
   -1674924,
   -2268886,
   2244218,
   3325127,
   -2984006,
   -4713060,
   3947654,
   6501796,
   -5205187,
   -8772111,
   6847790,
   11620391,
   -8996993,
   -15169026,
   11818150,
   19584412,
   -15546572,
   -25113744,
   20535742,
   32156256,
   -27360568,
   -41419315,
   37053292,
   54295953,
   -51719275,
   -73935958,
   76503994,
   109171276,
   -128308655,
   -197270553,
   314240051,
   972732959,
   972732959,
   314240051,
   -197270553,
   -128308655,
   109171276,
   76503994,
   -73935958,
   -51719275,
   54295953,
   37053292,
   -41419315,
   -27360568,
   32156256,
   20535742,
   -25113744,
   -15546572,
   19584412,
   11818150,
   -15169026,
   -8996993,
   11620391,
   6847790,
   -8772111,
   -5205187,
   6501796,
   3947654,
   -4713060,
   -2984006,
   3325127,
   2244218,
   -2268886,
   -1674924,
   1484442,
   1236966,
   -917421,
   -898939,
   522899,
   639567,
   -261674,
   -444773,
   100974,
   313715,
   -518,
   -275739,
   -248552,
   -104563,
   -20789,
   -1117
   

