   -4645,
   -34627,
   -121873,
   -255124,
   -313951,
   -134826,
   239381,
   418282,
   33106,
   -611393,
   -593447,
   424684,
   1255738,
   387480,
   -1550783,
   -1769181,
   899245,
   3196527,
   1061162,
   -3710721,
   -4089453,
   2248181,
   7107296,
   1783622,
   -8324569,
   -7893262,
   5816842,
   14158481,
   1542334,
   -17434813,
   -13110148,
   14228176,
   25887415,
   -2070594,
   -34671418,
   -19013059,
   33047779,
   45464162,
   -14912345,
   -69903246,
   -24270718,
   81278345,
   88130370,
   -63022593,
   -187932622,
   -27393757,
   422184387,
   825512011,
   825512011,
   422184387,
   -27393757,
   -187932622,
   -63022593,
   88130370,
   81278345,
   -24270718,
   -69903246,
   -14912345,
   45464162,
   33047779,
   -19013059,
   -34671418,
   -2070594,
   25887415,
   14228176,
   -13110148,
   -17434813,
   1542334,
   14158481,
   5816842,
   -7893262,
   -8324569,
   1783622,
   7107296,
   2248181,
   -4089453,
   -3710721,
   1061162,
   3196527,
   899245,
   -1769181,
   -1550783,
   387480,
   1255738,
   424684,
   -593447,
   -611393,
   33106,
   418282,
   239381,
   -134826,
   -313951,
   -255124,
   -121873,
   -34627,
   -4645
   

