   -3374,
   -23170,
   -67557,
   -98445,
   -48088,
   55788,
   61905,
   -59427,
   -83688,
   80349,
   117138,
   -116641,
   -161513,
   173531,
   215329,
   -259234,
   -275040,
   384016,
   333659,
   -559462,
   -379455,
   797203,
   394532,
   -1107274,
   -353894,
   1495685,
   224986,
   -1961331,
   32067,
   2492632,
   -462887,
   -3063711,
   1116156,
   3630844,
   -2039529,
   -4129707,
   3273810,
   4473254,
   -4846478,
   -4551791,
   6763702,
   4234319,
   -9002434,
   -3372049,
   11502693,
   1803707,
   -14160509,
   638323,
   16822358,
   -4121519,
   -19280231,
   8808906,
   21266396,
   -14860533,
   -22446420,
   22444260,
   22403212,
   -31765652,
   -20598112,
   43139303,
   16282458,
   -57144732,
   -8273713,
   75009578,
   -5648084,
   -99689379,
   30697421,
   139804702,
   -83792254,
   -232409627,
   272000845,
   1011799927,
   1011799927,
   272000845,
   -232409627,
   -83792254,
   139804702,
   30697421,
   -99689379,
   -5648084,
   75009578,
   -8273713,
   -57144732,
   16282458,
   43139303,
   -20598112,
   -31765652,
   22403212,
   22444260,
   -22446420,
   -14860533,
   21266396,
   8808906,
   -19280231,
   -4121519,
   16822358,
   638323,
   -14160509,
   1803707,
   11502693,
   -3372049,
   -9002434,
   4234319,
   6763702,
   -4551791,
   -4846478,
   4473254,
   3273810,
   -4129707,
   -2039529,
   3630844,
   1116156,
   -3063711,
   -462887,
   2492632,
   32067,
   -1961331,
   224986,
   1495685,
   -353894,
   -1107274,
   394532,
   797203,
   -379455,
   -559462,
   333659,
   384016,
   -275040,
   -259234,
   215329,
   173531,
   -161513,
   -116641,
   117138,
   80349,
   -83688,
   -59427,
   61905,
   55788,
   -48088,
   -98445,
   -67557,
   -23170,
   -3374

