   -541184,
   1050529,
   9130093,
   -42957848,
   108715360,
   -194597920,
   267320448,
   1843622528,
   278889536,
   -198178832,
   109609264,
   -42958608,
   8990889,
   1115990,
   -550801,
   -5108,
   -531641,
   986106,
   9264542,
   -42944212,
   107798136,
   -190995120,
   255836992,
   1843436672,
   290542720,
   -201736592,
   110479304,
   -42946336,
   8846903,
   1182486,
   -560491,
   -1057,
   -522175,
   922722,
   9394264,
   -42917856,
   106858096,
   -187371760,
   244440640,
   1843064960,
   302278496,
   -205269904,
   111324968,
   -42920876,
   8698109,
   1250015,
   -570251,
   -1168,
   -512788,
   860378,
   9519286,
   -42878948,
   105895784,
   -183729088,
   233132864,
   1842507520,
   314095296,
   -208777456,
   112145728,
   -42882072,
   8544485,
   1318575,
   -580079,
   -1283,
   -503480,
   799076,
   9639641,
   -42827648,
   104911712,
   -180068400,
   221915104,
   1841764480,
   325991520,
   -212257936,
   112941088,
   -42829780,
   8386006,
   1388162,
   -589974,
   -1409,
   -494255,
   738814,
   9755358,
   -42764120,
   103906424,
   -176390944,
   210788736,
   1840835968,
   337965568,
   -215710016,
   113710512,
   -42763848,
   8222652,
   1458772,
   -599930,
   -1540,
   -485113,
   679595,
   9866471,
   -42688540,
   102880448,
   -172697968,
   199755184,
   1839721984,
   350015776,
   -219132400,
   114453504,
   -42684132,
   8054403,
   1530401,
   -609949,
   -1682,
   -476057,
   621415,
   9973012,
   -42601072,
   101834312,
   -168990752,
   188815792,
   1838423040,
   362140544,
   -222523760,
   115169544,
   -42590496,
   7881241,
   1603045,
   -620025,
   -1828,
   -467086,
   564277,
   10075017,
   -42501888,
   100768544,
   -165270512,
   177971872,
   1836939264,
   374338176,
   -225882752,
   115858136,
   -42482792,
   7703146,
   1676698,
   -630157,
   -1985,
   -458205,
   508176,
   10172520,
   -42391160,
   99683696,
   -161538496,
   167224752,
   1835270912,
   386606944,
   -229208048,
   116518776,
   -42360888,
   7520106,
   1751355,
   -640341,
   -2148,
   -449412,
   453114,
   10265560,
   -42269068,
   98580280,
   -157795920,
   156575696,
   1833418240,
   398945120,
   -232498320,
   117150960,
   -42224656,
   7332104,
   1827009,
   -650575,
   -2327,
   -440711,
   399086,
   10354172,
   -42135788,
   97458848,
   -154044000,
   146025936,
   1831381888,
   411351008,
   -235752208,
   117754208,
   -42073960,
   7139129,
   1903655,
   -660855,
   -2514,
   -432101,
   346092,
   10438396,
   -41991496,
   96319928,
   -150283952,
   135576720,
   1829161856,
   423822752,
   -238968400,
   118328016,
   -41908676,
   6941168,
   1981285,
   -671179,
   -2715,
   -423584,
   294128,
   10518271,
   -41836372,
   95164048,
   -146516960,
   125229240,
   1826759040,
   436358656,
   -242145520,
   118871904,
   -41728680,
   6738212,
   2059891,
   -681543,
   -2915,
   -415161,
   243192,
   10593839,
   -41670600,
   93991744,
   -142744208,
   114984648,
   1824173440,
   448956832,
   -245282240,
   119385384,
   -41533856,
   6530254,
   2139466,
   -691944,
   -3135,
   -406833,
   193280,
   10665138,
   -41494360,
   92803560,
   -138966880,
   104844088,
   1821405952,
   461615488,
   -248377200,
   119867992,
   -41324080,
   6317286,
   2220001,
   -702378,
   -3371,
   -398600,
   144389,
   10732213,
   -41307832,
   91600024,
   -135186128,
   94808672,
   1818456960,
   474332768,
   -251429040,
   120319240,
   -41099244,
   6099304,
   2301486,
   -712843,
   -3610,
   -390465,
   96515,
   10795105,
   -41111212,
   90381664,
   -131403144,
   84879472,
   1815326976,
   487106752,
   -254436432,
   120738672,
   -40859240,
   5876304,
   2383913,
   -723333,
   -3868,
   -382426,
   49654,
   10853859,
   -40904672,
   89149008,
   -127619040,
   75057560,
   1812016640,
   499935616,
   -257398000,
   121125824,
   -40603956,
   5648285,
   2467270,
   -733847,
   -4135,
   -374486,
   3801,
   10908519,
   -40688408,
   87902600,
   -123834960,
   65343952,
   1808526720,
   512817376,
   -260312400,
   121480240,
   -40333296,
   5415248,
   2551548,
   -744378,
   -4417,
   -366644,
   -41048,
   10959129,
   -40462608,
   86642960,
   -120052032,
   55739644,
   1804857728,
   525750144,
   -263178272,
   121801464,
   -40047164,
   5177193,
   2636735,
   -754924,
   -4712,
   -358902,
   -84900,
   11005737,
   -40227456,
   85370616,
   -116271368,
   46245608,
   1801010560,
   538731968,
   -265994256,
   122089056,
   -39745460,
   4934124,
   2722819,
   -765481,
   -5023,
   -351259,
   -127757,
   11048388,
   -39983140,
   84086096,
   -112494064,
   36862776,
   1796985728,
   551760896,
   -268759008,
   122342576,
   -39428096,
   4686047,
   2809788,
   -776044,
   -5349,
   -343716,
   -169628,
   11087130,
   -39729856,
   82789928,
   -108721208,
   27592068,
   1792784256,
   564834816,
   -271471168,
   122561584,
   -39094988,
   4432970,
   2897630,
   -786609,
   -5691,
   -336273,
   -210517,
   11122010,
   -39467792,
   81482632,
   -104953880,
   18434360,
   1788406912,
   577951872,
   -274129408,
   122745664,
   -38746048,
   4174900,
   2986329,
   -797171,
   -6048,
   -328932,
   -250430,
   11153077,
   -39197136,
   80164720,
   -101193144,
   9390506,
   1783854464,
   591110016,
   -276732352,
   122894384,
   -38381208,
   3911849,
   3075874,
   -807726,
   -6421,
   -321691,
   -289374,
   11180381,
   -38918084,
   78836728,
   -97440056,
   461329,
   1779127808,
   604307136,
   -279278624,
   123007336,
   -38000388,
   3643829,
   3166248,
   -818270,
   -6813,
   -314552,
   -327356,
   11203969,
   -38630828,
   77499160,
   -93695648,
   -8352376,
   1774227968,
   617541248,
   -281766944,
   123084120,
   -37603520,
   3370856,
   3257438,
   -828797,
   -7224,
   -307514,
   -364381,
   11223894,
   -38335556,
   76152536,
   -89960952,
   -17049844,
   1769155840,
   630810240,
   -284195904,
   123124320,
   -37190536,
   3092944,
   3349426,
   -839304,
   -7650,
   -300578,
   -400459,
   11240204,
   -38032464,
   74797368,
   -86236984,
   -25630340,
   1763912448,
   644112000,
   -286564224,
   123127560,
   -36761384,
   2810114,
   3442197,
   -849783,
   -8098,
   -293742,
   -435594,
   11252952,
   -37721744,
   73434160,
   -82524744,
   -34093152,
   1758498688,
   657444544,
   -288870528,
   123093448,
   -36316004,
   2522385,
   3535733,
   -860231,
   -8564,
   -287009,
   -469796,
   11262188,
   -37403592,
   72063416,
   -78825216,
   -42437612,
   1752915712,
   670805632,
   -291113472,
   123021608,
   -35854344,
   2229780,
   3630019,
   -870642,
   -9050,
   -280376,
   -503071,
   11267965,
   -37078192,
   70685648,
   -75139384,
   -50663068,
   1747164544,
   684193152,
   -293291744,
   122911672,
   -35376360,
   1932322,
   3725034,
   -881011,
   -9558,
   -273845,
   -535428,
   11270335,
   -36745748,
   69301352,
   -71468200,
   -58768900,
   1741246464,
   697604992,
   -295404032,
   122763272,
   -34882012,
   1630039,
   3820761,
   -891333,
   -10087,
   -267415,
   -566874,
   11269350,
   -36406444,
   67911024,
   -67812616,
   -66754520,
   1735162368,
   711038976,
   -297449024,
   122576064,
   -34371256,
   1322957,
   3917180,
   -901601,
   -10638,
   -261087,
   -597419,
   11265063,
   -36060480,
   66515156,
   -64173560,
   -74619368,
   1728913664,
   724492928,
   -299425344,
   122349704,
   -33844072,
   1011109,
   4014271,
   -911810,
   -11212,
   -254858,
   -627070,
   11257529,
   -35708040,
   65114240,
   -60551960,
   -82362912,
   1722501504,
   737964736,
   -301331744,
   122083856,
   -33300426,
   694526,
   4112014,
   -921955,
   -11809,
   -248731,
   -655836,
   11246800,
   -35349324,
   63708764,
   -56948716,
   -89984656,
   1715927040,
   751452096,
   -303166880,
   121778192,
   -32740298,
   373242,
   4210388,
   -932029,
   -12430,
   -242703,
   -683724,
   11232930,
   -34984520,
   62299208,
   -53364720,
   -97484120,
   1709191552,
   764952896,
   -304929504,
   121432384,
   -32163672,
   47294,
   4309369,
   -942027,
   -13077,
   -236776,
   -710747,
   11215974,
   -34613824,
   60886052,
   -49800852,
   -104860872,
   1702296576,
   778464832,
   -306618272,
   121046144,
   -31570538,
   -283278,
   4408938,
   -951941,
   -13749,
   -230947,
   -736910,
   11195986,
   -34237416,
   59469772,
   -46257968,
   -112114488,
   1695243136,
   791985792,
   -308231936,
   120619152,
   -30960888,
   -618435,
   4509070,
   -961766,
   -14448,
   -225218,
   -762224,
   11173019,
   -33855500,
   58050836,
   -42736924,
   -119244592,
   1688032768,
   805513408,
   -309769216,
   120151136,
   -30334724,
   -958133,
   4609742,
   -971495,
   -15173,
   -219586,
   -786698,
   11147131,
   -33468260,
   56629712,
   -39238548,
   -126250832,
   1680666752,
   819045504,
   -311228864,
   119641808,
   -29692048,
   -1302328,
   4710929,
   -981123,
   -15927,
   -214054,
   -810343,
   11118373,
   -33075884,
   55206868,
   -35763660,
   -133132880,
   1673146624,
   832579840,
   -312609568,
   119090904,
   -29032872,
   -1650972,
   4812607,
   -990640,
   -16708,
   -208618,
   -833165,
   11086804,
   -32678560,
   53782756,
   -32313060,
   -139890432,
   1665473792,
   846114112,
   -313910112,
   118498160,
   -28357212,
   -2004016,
   4914750,
   -1000043,
   -17521,
   -203280,
   -855178,
   11052476,
   -32276480,
   52357828,
   -28887540,
   -146523232,
   1657649792,
   859646080,
   -315129248,
   117863328,
   -27665090,
   -2361407,
   5017333,
   -1009323,
   -18362,
   -198037,
   -876388,
   11015446,
   -31869828,
   50932540,
   -25487872,
   -153031040,
   1649676032,
   873173440,
   -316265728,
   117186176,
   -26956532,
   -2723093,
   5120327,
   -1018474,
   -19236,
   -192890,
   -896808,
   10975768,
   -31458792,
   49507332,
   -22114812,
   -159413632,
   1641554048,
   886693888,
   -317318368,
   116466464,
   -26231568,
   -3089016,
   5223707,
   -1027487,
   -20140,
   -187838,
   -916445,
   10933499,
   -31043556,
   48082644,
   -18769106,
   -165670848,
   1633285504,
   900205248,
   -318285952,
   115703984,
   -25490242,
   -3459121,
   5327443,
   -1036357,
   -21078,
   -182881,
   -935312,
   10888693,
   -30624308,
   46658912,
   -15451480,
   -171802528,
   1624871808,
   913705024,
   -319167232,
   114898528,
   -24732594,
   -3833344,
   5431508,
   -1045075,
   -22049,
   -178017,
   -953417,
   10841406,
   -30201224,
   45236560,
   -12162645,
   -177808544,
   1616314752,
   927191104,
   -319961056,
   114049904,
   -23958676,
   -4211624,
   5535871,
   -1053634,
   -23055,
   -173246,
   -970772,
   10791693,
   -29774494,
   43816024,
   -8903298,
   -183688800,
   1607616000,
   940661056,
   -320666272,
   113157920,
   -23168542,
   -4593896,
   5640504,
   -1062027,
   -24094,
   -168567,
   -987386,
   10739609,
   -29344296,
   42397716,
   -5674119,
   -189443232,
   1598776960,
   954112640,
   -321281632,
   112222416,
   -22362256,
   -4980093,
   5745375,
   -1070246,
   -25171,
   -163980,
   -1003270,
   10685211,
   -28910808,
   40982056,
   -2475774,
   -195071808,
   1589799680,
   967543488,
   -321806048,
   111243224,
   -21539882,
   -5370145,
   5850455,
   -1078283,
   -26284,
   -159482,
   -1018434,
   10628552,
   -28474212,
   39569444,
   691088,
   -200574512,
   1580685568,
   980951360,
   -322238368,
   110220200,
   -20701496,
   -5763980,
   5955709,
   -1086130,
   -27435,
   -155076,
   -1032889,
   10569689,
   -28034686,
   38160292,
   3825832,
   -205951344,
   1571436416,
   994333824,
   -322577440,
   109153208,
   -19847180,
   -6161524,
   6061107,
   -1093778,
   -28624,
   -150757,
   -1046646,
   10508676,
   -27592404,
   36755000,
   6927842,
   -211202384,
   1562054144,
   1007688576,
   -322822176,
   108042120,
   -18977016,
   -6562702,
   6166615,
   -1101221,
   -29855,
   -146527,
   -1059715,
   10445567,
   -27147540,
   35353952,
   9996514,
   -216327680,
   1552540416,
   1021013376,
   -322971456,
   106886832,
   -18091100,
   -6967434,
   6272200,
   -1108449,
   -31124,
   -142383,
   -1072106,
   10380419,
   -26700272,
   33957544,
   13031263,
   -221327328,
   1542897024,
   1034305792,
   -323024192,
   105687240,
   -17189524,
   -7375640,
   6377827,
   -1115455,
   -32436,
   -138326,
   -1083832,
   10313284,
   -26250770,
   32566152,
   16031518,
   -226201472,
   1533125888,
   1047563584,
   -322979296,
   104443264,
   -16272397,
   -7787237,
   6483462,
   -1122229,
   -33789,
   -134353,
   -1094901,
   10244219,
   -25799204,
   31180154,
   18996724,
   -230950272,
   1523228800,
   1060784384,
   -322835744,
   103154816,
   -15339829,
   -8202138,
   6589069,
   -1128764,
   -35187,
   -130466,
   -1105325,
   10173276,
   -25345744,
   29799922,
   21926344,
   -235573872,
   1513207680,
   1073965824,
   -322592448,
   101821856,
   -14391935,
   -8620257,
   6694612,
   -1135049,
   -36628,
   -126661,
   -1115115,
   10100510,
   -24890556,
   28425820,
   24819852,
   -240072528,
   1503064448,
   1087105664,
   -322248416,
   100444320,
   -13428840,
   -9041503,
   6800054,
   -1141078,
   -38116,
   -122940,
   -1124282,
   10025975,
   -24433808,
   27058204,
   27676744,
   -244446432,
   1492800896,
   1100201472,
   -321802624,
   99022176,
   -12450673,
   -9465784,
   6905359,
   -1146839,
   -39649,
   -119299,
   -1132836,
   9949724,
   -23975664,
   25697432,
   30496526,
   -248695872,
   1482419072,
   1113251072,
   -321254048,
   97555408,
   -11457568,
   -9893005,
   7010487,
   -1152326,
   -41230,
   -115739,
   -1140789,
   9871809,
   -23516288,
   24343844,
   33278724,
   -252821120,
   1471920896,
   1126252032,
   -320601760,
   96044016,
   -10449669,
   -10323070,
   7115401,
   -1157528,
   -42858,
   -112258,
   -1148150,
   9792286,
   -23055838,
   22997784,
   36022884,
   -256822480,
   1461308288,
   1139202048,
   -319844736,
   94487984,
   -9427125,
   -10755879,
   7220061,
   -1162437,
   -44537,
   -108857,
   -1154932,
   9711204,
   -22594476,
   21659588,
   38728552,
   -260700320,
   1450583424,
   1152098816,
   -318982080,
   92887360,
   -8390088,
   -11191332,
   7324429,
   -1167043,
   -46265,
   -105531,
   -1161143,
   9628618,
   -22132360,
   20329584,
   41395312,
   -264454992,
   1439748096,
   1164940032,
   -318012832,
   91242152,
   -7338723,
   -11629323,
   7428463,
   -1171337,
   -48045,
   -102284,
   -1166797,
   9544579,
   -21669644,
   19008092,
   44022744,
   -268086864,
   1428804480,
   1177723264,
   -316936096,
   89552432,
   -6273195,
   -12069748,
   7532123,
   -1175309,
   -49877,
   -99110,
   -1171902,
   9459139,
   -21206484,
   17695428,
   46610460,
   -271596384,
   1417754496,
   1190446464,
   -315750976,
   87818240,
   -5193679,
   -12512498,
   7635367,
   -1178950,
   -51763,
   -96013,
   -1176472,
   9372349,
   -20743028,
   16391904,
   49158072,
   -274983968,
   1406600320,
   1203107200,
   -314456576,
   86039664,
   -4100357,
   -12957463,
   7738155,
   -1182249,
   -53702,
   -92987,
   -1180514,
   9284261,
   -20279432,
   15097822,
   51665220,
   -278250080,
   1395344128,
   1215703168,
   -313052096,
   84216800,
   -2993415,
   -13404530,
   7840441,
   -1185198,
   -55698,
   -90035,
   -1184041,
   9194923,
   -19815842,
   13813481,
   54131556,
   -281395200,
   1383987712,
   1228232192,
   -311536608,
   82349744,
   -1873047,
   -13853583,
   7942186,
   -1187787,
   -57749,
   -87153,
   -1187063,
   9104388,
   -19352404,
   12539170,
   56556744,
   -284419840,
   1372533504,
   1240691840,
   -309909376,
   80438616,
   -739454,
   -14304507,
   8043343,
   -1190005,
   -59858,
   -84342,
   -1189592,
   9012704,
   -18889260,
   11275174,
   58940472,
   -287324576,
   1360983424,
   1253079936,
   -308169600,
   78483552,
   407159,
   -14757181,
   8143870,
   -1191843,
   -62025,
   -81600,
   -1191636,
   8919921,
   -18426558,
   10021772,
   61282432,
   -290109920,
   1349339776,
   1265394176,
   -306316448,
   76484704,
   1566577,
   -15211485,
   8243722,
   -1193291,
   -64253,
   -78926,
   -1193208,
   8826088,
   -17964436,
   8779234,
   63582348,
   -292776480,
   1337604608,
   1277632384,
   -304349216,
   74442232,
   2738580,
   -15667293,
   8342853,
   -1194337,
   -66540,
   -76319,
   -1194317,
   8731254,
   -17503032,
   7547827,
   65839940,
   -295324832,
   1325780096,
   1289792384,
   -302267136,
   72356320,
   3922943,
   -16124481,
   8441218,
   -1194974,
   -68890,
   -73778,
   -1194974,
   8635465,
   -17042482,
   6327809,
   68054960,
   -297755616,
   1313868416,
   1301871744,
   -300069504,
   70227160,
   5119433,
   -16582921,
   8538771,
   -1195190,
   -71302,
   -71302,
   -1195190,
   8538771,
   -16582921,
   5119433,
   70227160,
   -300069504,
   1301871744,
   1313868416,
   -297755616,
   68054960,
   6327809,
   -17042482,
   8635465,
   -1194974,
   -73778,
   -68890,
   -1194974,
   8441218,
   -16124481,
   3922943,
   72356320,
   -302267136,
   1289792384,
   1325780096,
   -295324832,
   65839940,
   7547827,
   -17503032,
   8731254,
   -1194317,
   -76319,
   -66540,
   -1194337,
   8342853,
   -15667293,
   2738580,
   74442232,
   -304349216,
   1277632384,
   1337604608,
   -292776480,
   63582348,
   8779234,
   -17964436,
   8826088,
   -1193208,
   -78926,
   -64253,
   -1193291,
   8243722,
   -15211485,
   1566577,
   76484704,
   -306316448,
   1265394176,
   1349339776,
   -290109920,
   61282432,
   10021772,
   -18426558,
   8919921,
   -1191636,
   -81600,
   -62025,
   -1191843,
   8143870,
   -14757181,
   407159,
   78483552,
   -308169600,
   1253079936,
   1360983424,
   -287324576,
   58940472,
   11275174,
   -18889260,
   9012704,
   -1189592,
   -84342,
   -59858,
   -1190005,
   8043343,
   -14304507,
   -739454,
   80438616,
   -309909376,
   1240691840,
   1372533504,
   -284419840,
   56556744,
   12539170,
   -19352404,
   9104388,
   -1187063,
   -87153,
   -57749,
   -1187787,
   7942186,
   -13853583,
   -1873047,
   82349744,
   -311536608,
   1228232192,
   1383987712,
   -281395200,
   54131556,
   13813481,
   -19815842,
   9194923,
   -1184041,
   -90035,
   -55698,
   -1185198,
   7840441,
   -13404530,
   -2993415,
   84216800,
   -313052096,
   1215703168,
   1395344128,
   -278250080,
   51665220,
   15097822,
   -20279432,
   9284261,
   -1180514,
   -92987,
   -53702,
   -1182249,
   7738155,
   -12957463,
   -4100357,
   86039664,
   -314456576,
   1203107200,
   1406600320,
   -274983968,
   49158072,
   16391904,
   -20743028,
   9372349,
   -1176472,
   -96013,
   -51763,
   -1178950,
   7635367,
   -12512498,
   -5193679,
   87818240,
   -315750976,
   1190446464,
   1417754496,
   -271596384,
   46610460,
   17695428,
   -21206484,
   9459139,
   -1171902,
   -99110,
   -49877,
   -1175309,
   7532123,
   -12069748,
   -6273195,
   89552432,
   -316936096,
   1177723264,
   1428804480,
   -268086864,
   44022744,
   19008092,
   -21669644,
   9544579,
   -1166797,
   -102284,
   -48045,
   -1171337,
   7428463,
   -11629323,
   -7338723,
   91242152,
   -318012832,
   1164940032,
   1439748096,
   -264454992,
   41395312,
   20329584,
   -22132360,
   9628618,
   -1161143,
   -105531,
   -46265,
   -1167043,
   7324429,
   -11191332,
   -8390088,
   92887360,
   -318982080,
   1152098816,
   1450583424,
   -260700320,
   38728552,
   21659588,
   -22594476,
   9711204,
   -1154932,
   -108857,
   -44537,
   -1162437,
   7220061,
   -10755879,
   -9427125,
   94487984,
   -319844736,
   1139202048,
   1461308288,
   -256822480,
   36022884,
   22997784,
   -23055838,
   9792286,
   -1148150,
   -112258,
   -42858,
   -1157528,
   7115401,
   -10323070,
   -10449669,
   96044016,
   -320601760,
   1126252032,
   1471920896,
   -252821120,
   33278724,
   24343844,
   -23516288,
   9871809,
   -1140789,
   -115739,
   -41230,
   -1152326,
   7010487,
   -9893005,
   -11457568,
   97555408,
   -321254048,
   1113251072,
   1482419072,
   -248695872,
   30496526,
   25697432,
   -23975664,
   9949724,
   -1132836,
   -119299,
   -39649,
   -1146839,
   6905359,
   -9465784,
   -12450673,
   99022176,
   -321802624,
   1100201472,
   1492800896,
   -244446432,
   27676744,
   27058204,
   -24433808,
   10025975,
   -1124282,
   -122940,
   -38116,
   -1141078,
   6800054,
   -9041503,
   -13428840,
   100444320,
   -322248416,
   1087105664,
   1503064448,
   -240072528,
   24819852,
   28425820,
   -24890556,
   10100510,
   -1115115,
   -126661,
   -36628,
   -1135049,
   6694612,
   -8620257,
   -14391935,
   101821856,
   -322592448,
   1073965824,
   1513207680,
   -235573872,
   21926344,
   29799922,
   -25345744,
   10173276,
   -1105325,
   -130466,
   -35187,
   -1128764,
   6589069,
   -8202138,
   -15339829,
   103154816,
   -322835744,
   1060784384,
   1523228800,
   -230950272,
   18996724,
   31180154,
   -25799204,
   10244219,
   -1094901,
   -134353,
   -33789,
   -1122229,
   6483462,
   -7787237,
   -16272397,
   104443264,
   -322979296,
   1047563584,
   1533125888,
   -226201472,
   16031518,
   32566152,
   -26250770,
   10313284,
   -1083832,
   -138326,
   -32436,
   -1115455,
   6377827,
   -7375640,
   -17189524,
   105687240,
   -323024192,
   1034305792,
   1542897024,
   -221327328,
   13031263,
   33957544,
   -26700272,
   10380419,
   -1072106,
   -142383,
   -31124,
   -1108449,
   6272200,
   -6967434,
   -18091100,
   106886832,
   -322971456,
   1021013376,
   1552540416,
   -216327680,
   9996514,
   35353952,
   -27147540,
   10445567,
   -1059715,
   -146527,
   -29855,
   -1101221,
   6166615,
   -6562702,
   -18977016,
   108042120,
   -322822176,
   1007688576,
   1562054144,
   -211202384,
   6927842,
   36755000,
   -27592404,
   10508676,
   -1046646,
   -150757,
   -28624,
   -1093778,
   6061107,
   -6161524,
   -19847180,
   109153208,
   -322577440,
   994333824,
   1571436416,
   -205951344,
   3825832,
   38160292,
   -28034686,
   10569689,
   -1032889,
   -155076,
   -27435,
   -1086130,
   5955709,
   -5763980,
   -20701496,
   110220200,
   -322238368,
   980951360,
   1580685568,
   -200574512,
   691088,
   39569444,
   -28474212,
   10628552,
   -1018434,
   -159482,
   -26284,
   -1078283,
   5850455,
   -5370145,
   -21539882,
   111243224,
   -321806048,
   967543488,
   1589799680,
   -195071808,
   -2475774,
   40982056,
   -28910808,
   10685211,
   -1003270,
   -163980,
   -25171,
   -1070246,
   5745375,
   -4980093,
   -22362256,
   112222416,
   -321281632,
   954112640,
   1598776960,
   -189443232,
   -5674119,
   42397716,
   -29344296,
   10739609,
   -987386,
   -168567,
   -24094,
   -1062027,
   5640504,
   -4593896,
   -23168542,
   113157920,
   -320666272,
   940661056,
   1607616000,
   -183688800,
   -8903298,
   43816024,
   -29774494,
   10791693,
   -970772,
   -173246,
   -23055,
   -1053634,
   5535871,
   -4211624,
   -23958676,
   114049904,
   -319961056,
   927191104,
   1616314752,
   -177808544,
   -12162645,
   45236560,
   -30201224,
   10841406,
   -953417,
   -178017,
   -22049,
   -1045075,
   5431508,
   -3833344,
   -24732594,
   114898528,
   -319167232,
   913705024,
   1624871808,
   -171802528,
   -15451480,
   46658912,
   -30624308,
   10888693,
   -935312,
   -182881,
   -21078,
   -1036357,
   5327443,
   -3459121,
   -25490242,
   115703984,
   -318285952,
   900205248,
   1633285504,
   -165670848,
   -18769106,
   48082644,
   -31043556,
   10933499,
   -916445,
   -187838,
   -20140,
   -1027487,
   5223707,
   -3089016,
   -26231568,
   116466464,
   -317318368,
   886693888,
   1641554048,
   -159413632,
   -22114812,
   49507332,
   -31458792,
   10975768,
   -896808,
   -192890,
   -19236,
   -1018474,
   5120327,
   -2723093,
   -26956532,
   117186176,
   -316265728,
   873173440,
   1649676032,
   -153031040,
   -25487872,
   50932540,
   -31869828,
   11015446,
   -876388,
   -198037,
   -18362,
   -1009323,
   5017333,
   -2361407,
   -27665090,
   117863328,
   -315129248,
   859646080,
   1657649792,
   -146523232,
   -28887540,
   52357828,
   -32276480,
   11052476,
   -855178,
   -203280,
   -17521,
   -1000043,
   4914750,
   -2004016,
   -28357212,
   118498160,
   -313910112,
   846114112,
   1665473792,
   -139890432,
   -32313060,
   53782756,
   -32678560,
   11086804,
   -833165,
   -208618,
   -16708,
   -990640,
   4812607,
   -1650972,
   -29032872,
   119090904,
   -312609568,
   832579840,
   1673146624,
   -133132880,
   -35763660,
   55206868,
   -33075884,
   11118373,
   -810343,
   -214054,
   -15927,
   -981123,
   4710929,
   -1302328,
   -29692048,
   119641808,
   -311228864,
   819045504,
   1680666752,
   -126250832,
   -39238548,
   56629712,
   -33468260,
   11147131,
   -786698,
   -219586,
   -15173,
   -971495,
   4609742,
   -958133,
   -30334724,
   120151136,
   -309769216,
   805513408,
   1688032768,
   -119244592,
   -42736924,
   58050836,
   -33855500,
   11173019,
   -762224,
   -225218,
   -14448,
   -961766,
   4509070,
   -618435,
   -30960888,
   120619152,
   -308231936,
   791985792,
   1695243136,
   -112114488,
   -46257968,
   59469772,
   -34237416,
   11195986,
   -736910,
   -230947,
   -13749,
   -951941,
   4408938,
   -283278,
   -31570538,
   121046144,
   -306618272,
   778464832,
   1702296576,
   -104860872,
   -49800852,
   60886052,
   -34613824,
   11215974,
   -710747,
   -236776,
   -13077,
   -942027,
   4309369,
   47294,
   -32163672,
   121432384,
   -304929504,
   764952896,
   1709191552,
   -97484120,
   -53364720,
   62299208,
   -34984520,
   11232930,
   -683724,
   -242703,
   -12430,
   -932029,
   4210388,
   373242,
   -32740298,
   121778192,
   -303166880,
   751452096,
   1715927040,
   -89984656,
   -56948716,
   63708764,
   -35349324,
   11246800,
   -655836,
   -248731,
   -11809,
   -921955,
   4112014,
   694526,
   -33300426,
   122083856,
   -301331744,
   737964736,
   1722501504,
   -82362912,
   -60551960,
   65114240,
   -35708040,
   11257529,
   -627070,
   -254858,
   -11212,
   -911810,
   4014271,
   1011109,
   -33844072,
   122349704,
   -299425344,
   724492928,
   1728913664,
   -74619368,
   -64173560,
   66515156,
   -36060480,
   11265063,
   -597419,
   -261087,
   -10638,
   -901601,
   3917180,
   1322957,
   -34371256,
   122576064,
   -297449024,
   711038976,
   1735162368,
   -66754520,
   -67812616,
   67911024,
   -36406444,
   11269350,
   -566874,
   -267415,
   -10087,
   -891333,
   3820761,
   1630039,
   -34882012,
   122763272,
   -295404032,
   697604992,
   1741246464,
   -58768900,
   -71468200,
   69301352,
   -36745748,
   11270335,
   -535428,
   -273845,
   -9558,
   -881011,
   3725034,
   1932322,
   -35376360,
   122911672,
   -293291744,
   684193152,
   1747164544,
   -50663068,
   -75139384,
   70685648,
   -37078192,
   11267965,
   -503071,
   -280376,
   -9050,
   -870642,
   3630019,
   2229780,
   -35854344,
   123021608,
   -291113472,
   670805632,
   1752915712,
   -42437612,
   -78825216,
   72063416,
   -37403592,
   11262188,
   -469796,
   -287009,
   -8564,
   -860231,
   3535733,
   2522385,
   -36316004,
   123093448,
   -288870528,
   657444544,
   1758498688,
   -34093152,
   -82524744,
   73434160,
   -37721744,
   11252952,
   -435594,
   -293742,
   -8098,
   -849783,
   3442197,
   2810114,
   -36761384,
   123127560,
   -286564224,
   644112000,
   1763912448,
   -25630340,
   -86236984,
   74797368,
   -38032464,
   11240204,
   -400459,
   -300578,
   -7650,
   -839304,
   3349426,
   3092944,
   -37190536,
   123124320,
   -284195904,
   630810240,
   1769155840,
   -17049844,
   -89960952,
   76152536,
   -38335556,
   11223894,
   -364381,
   -307514,
   -7224,
   -828797,
   3257438,
   3370856,
   -37603520,
   123084120,
   -281766944,
   617541248,
   1774227968,
   -8352376,
   -93695648,
   77499160,
   -38630828,
   11203969,
   -327356,
   -314552,
   -6813,
   -818270,
   3166248,
   3643829,
   -38000388,
   123007336,
   -279278624,
   604307136,
   1779127808,
   461329,
   -97440056,
   78836728,
   -38918084,
   11180381,
   -289374,
   -321691,
   -6421,
   -807726,
   3075874,
   3911849,
   -38381208,
   122894384,
   -276732352,
   591110016,
   1783854464,
   9390506,
   -101193144,
   80164720,
   -39197136,
   11153077,
   -250430,
   -328932,
   -6048,
   -797171,
   2986329,
   4174900,
   -38746048,
   122745664,
   -274129408,
   577951872,
   1788406912,
   18434360,
   -104953880,
   81482632,
   -39467792,
   11122010,
   -210517,
   -336273,
   -5691,
   -786609,
   2897630,
   4432970,
   -39094988,
   122561584,
   -271471168,
   564834816,
   1792784256,
   27592068,
   -108721208,
   82789928,
   -39729856,
   11087130,
   -169628,
   -343716,
   -5349,
   -776044,
   2809788,
   4686047,
   -39428096,
   122342576,
   -268759008,
   551760896,
   1796985728,
   36862776,
   -112494064,
   84086096,
   -39983140,
   11048388,
   -127757,
   -351259,
   -5023,
   -765481,
   2722819,
   4934124,
   -39745460,
   122089056,
   -265994256,
   538731968,
   1801010560,
   46245608,
   -116271368,
   85370616,
   -40227456,
   11005737,
   -84900,
   -358902,
   -4712,
   -754924,
   2636735,
   5177193,
   -40047164,
   121801464,
   -263178272,
   525750144,
   1804857728,
   55739644,
   -120052032,
   86642960,
   -40462608,
   10959129,
   -41048,
   -366644,
   -4417,
   -744378,
   2551548,
   5415248,
   -40333296,
   121480240,
   -260312400,
   512817376,
   1808526720,
   65343952,
   -123834960,
   87902600,
   -40688408,
   10908519,
   3801,
   -374486,
   -4135,
   -733847,
   2467270,
   5648285,
   -40603956,
   121125824,
   -257398000,
   499935616,
   1812016640,
   75057560,
   -127619040,
   89149008,
   -40904672,
   10853859,
   49654,
   -382426,
   -3868,
   -723333,
   2383913,
   5876304,
   -40859240,
   120738672,
   -254436432,
   487106752,
   1815326976,
   84879472,
   -131403144,
   90381664,
   -41111212,
   10795105,
   96515,
   -390465,
   -3610,
   -712843,
   2301486,
   6099304,
   -41099244,
   120319240,
   -251429040,
   474332768,
   1818456960,
   94808672,
   -135186128,
   91600024,
   -41307832,
   10732213,
   144389,
   -398600,
   -3371,
   -702378,
   2220001,
   6317286,
   -41324080,
   119867992,
   -248377200,
   461615488,
   1821405952,
   104844088,
   -138966880,
   92803560,
   -41494360,
   10665138,
   193280,
   -406833,
   -3135,
   -691944,
   2139466,
   6530254,
   -41533856,
   119385384,
   -245282240,
   448956832,
   1824173440,
   114984648,
   -142744208,
   93991744,
   -41670600,
   10593839,
   243192,
   -415161,
   -2915,
   -681543,
   2059891,
   6738212,
   -41728680,
   118871904,
   -242145520,
   436358656,
   1826759040,
   125229240,
   -146516960,
   95164048,
   -41836372,
   10518271,
   294128,
   -423584,
   -2715,
   -671179,
   1981285,
   6941168,
   -41908676,
   118328016,
   -238968400,
   423822752,
   1829161856,
   135576720,
   -150283952,
   96319928,
   -41991496,
   10438396,
   346092,
   -432101,
   -2514,
   -660855,
   1903655,
   7139129,
   -42073960,
   117754208,
   -235752208,
   411351008,
   1831381888,
   146025936,
   -154044000,
   97458848,
   -42135788,
   10354172,
   399086,
   -440711,
   -2327,
   -650575,
   1827009,
   7332104,
   -42224656,
   117150960,
   -232498320,
   398945120,
   1833418240,
   156575696,
   -157795920,
   98580280,
   -42269068,
   10265560,
   453114,
   -449412,
   -2148,
   -640341,
   1751355,
   7520106,
   -42360888,
   116518776,
   -229208048,
   386606944,
   1835270912,
   167224752,
   -161538496,
   99683696,
   -42391160,
   10172520,
   508176,
   -458205,
   -1985,
   -630157,
   1676698,
   7703146,
   -42482792,
   115858136,
   -225882752,
   374338176,
   1836939264,
   177971872,
   -165270512,
   100768544,
   -42501888,
   10075017,
   564277,
   -467086,
   -1828,
   -620025,
   1603045,
   7881241,
   -42590496,
   115169544,
   -222523760,
   362140544,
   1838423040,
   188815792,
   -168990752,
   101834312,
   -42601072,
   9973012,
   621415,
   -476057,
   -1682,
   -609949,
   1530401,
   8054403,
   -42684132,
   114453504,
   -219132400,
   350015776,
   1839721984,
   199755184,
   -172697968,
   102880448,
   -42688540,
   9866471,
   679595,
   -485113,
   -1540,
   -599930,
   1458772,
   8222652,
   -42763848,
   113710512,
   -215710016,
   337965568,
   1840835968,
   210788736,
   -176390944,
   103906424,
   -42764120,
   9755358,
   738814,
   -494255,
   -1409,
   -589974,
   1388162,
   8386006,
   -42829780,
   112941088,
   -212257936,
   325991520,
   1841764480,
   221915104,
   -180068400,
   104911712,
   -42827648,
   9639641,
   799076,
   -503480,
   -1283,
   -580079,
   1318575,
   8544485,
   -42882072,
   112145728,
   -208777456,
   314095296,
   1842507520,
   233132864,
   -183729088,
   105895784,
   -42878948,
   9519286,
   860378,
   -512788,
   -1168,
   -570251,
   1250015,
   8698109,
   -42920876,
   111324968,
   -205269904,
   302278496,
   1843064960,
   244440640,
   -187371760,
   106858096,
   -42917856,
   9394264,
   922722,
   -522175,
   -1057,
   -560491,
   1182486,
   8846903,
   -42946336,
   110479304,
   -201736592,
   290542720,
   1843436672,
   255836992,
   -190995120,
   107798136,
   -42944212,
   9264542,
   986106,
   -531641,
   -5108,
   -550801,
   1115990,
   8990889,
   -42958608,
   109609264,
   -198178832,
   278889536,
   1843622528,
   267320448,
   -194597920,
   108715360,
   -42957848,
   9130093,
   1050529,
   -541184
   

