   -9289,
   -69253,
   -243747,
   -510249,
   -627902,
   -269652,
   478763,
   836564,
   66212,
   -1222785,
   -1186895,
   849369,
   2511477,
   774961,
   -3101566,
   -3538362,
   1798490,
   6393054,
   2122325,
   -7421443,
   -8178905,
   4496362,
   14214592,
   3567244,
   -16649137,
   -15786525,
   11633685,
   28316963,
   3084667,
   -34869625,
   -26220297,
   28456353,
   51774830,
   -4141189,
   -69342837,
   -38026118,
   66095558,
   90928323,
   -29824690,
   -139806492,
   -48541436,
   162556690,
   176260739,
   -126045185,
   -375865245,
   -54787514,
   844368773,
   1651024023,
   1651024023,
   844368773,
   -54787514,
   -375865245,
   -126045185,
   176260739,
   162556690,
   -48541436,
   -139806492,
   -29824690,
   90928323,
   66095558,
   -38026118,
   -69342837,
   -4141189,
   51774830,
   28456353,
   -26220297,
   -34869625,
   3084667,
   28316963,
   11633685,
   -15786525,
   -16649137,
   3567244,
   14214592,
   4496362,
   -8178905,
   -7421443,
   2122325,
   6393054,
   1798490,
   -3538362,
   -3101566,
   774961,
   2511477,
   849369,
   -1186895,
   -1222785,
   66212,
   836564,
   478763,
   -269652,
   -627902,
   -510249,
   -243747,
   -69253,
   -9289


